Type	error	Date	PC Time	 gps time	 latitude	 longitude	 equ temp	std val	 CO2 mv	 CO2 um/m	 H2O mv	 H2O mm/m	 licor temp	 licor press	 atm press	 equ press	 H2O flow	 licor flow	 equ pump	 vent flow	 atm cond	 equ cond	 drip 1	 drip 2	 cond temp	 dry box temp	 deck box temp	O2 um/l	O2 temp	Ch conc	Ch temp	Press	Temp	Cond	Sal	O2%	O2ppm	Temp2	TempIntake
EQU	0	13/12/11	16:48:47	16:48:52	-49.5085	1.8561	5.75	NaN	12843023.00	369.04	13542627.00	0.20	29.96	1012.07	1011.75	-0.37	3.03	87.97	43.00	-55.07	9.82	9.62	9.85	0.35	4.62	23.69	16.18	383.62	5.74	0.646	0.0	0.00	6.032	33.379	33.855	119.20	11.86	-38.583	5.1068
EQU	0	13/12/11	16:50:23	16:50:28	-49.5124	1.8518	5.75	NaN	12798444.00	377.22	13511867.00	0.17	29.97	1011.87	1011.74	-0.49	3.05	87.86	43.00	-55.05	9.82	9.62	9.85	0.35	3.87	23.62	16.18	383.45	5.74	0.646	0.0	0.00	6.015	33.372	33.864	119.20	11.87	-38.583	5.1032
EQU	128	13/12/11	16:51:52	16:51:57	-49.5161	1.8482	5.75	NaN	12775021.00	380.44	13516198.00	0.16	29.96	1011.99	1011.89	-0.36	3.04	88.30	43.00	-55.05	9.82	9.62	9.85	0.35	4.75	23.50	16.18	383.85	5.74	0.658	0.0	0.00	0.000	0.000	0.000	0.00	0.00	0.000	5.1294
EQU	0	13/12/11	16:53:22	16:53:27	-49.5198	1.8444	5.77	NaN	12812359.00	380.03	13529384.00	0.16	29.97	1012.05	1011.67	-0.32	3.04	87.10	43.00	-55.05	9.82	9.62	9.85	0.35	4.87	23.56	16.18	383.72	5.76	0.696	0.0	0.00	6.010	33.383	33.882	119.10	11.86	-38.583	5.1109
EQU	0	13/12/11	16:54:53	16:54:58	-49.5236	1.8403	5.76	NaN	12765080.00	380.36	13482764.00	0.16	29.98	1011.94	1011.82	-0.21	3.04	89.83	43.00	-55.06	9.82	9.62	9.85	0.35	3.94	23.62	16.18	383.46	5.75	0.706	0.0	0.00	6.017	33.364	33.854	119.10	11.85	-38.583	5.1267
EQU	0	13/12/11	16:56:23	16:56:28	-49.5273	1.8366	5.77	NaN	12775783.00	381.04	13517961.00	0.15	30.00	1011.84	1011.78	-0.31	3.05	88.24	43.00	-55.07	9.82	9.62	9.85	0.35	4.25	23.69	16.18	384.32	5.77	0.704	0.0	0.00	6.021	33.378	33.866	119.00	11.85	-38.583	5.1389
STD1	0	13/12/11	17:00:49	17:00:54	-49.5384	1.8251	5.78	0.00	13546545.00	-0.26	13529346.00	-0.32	30.07	1011.64	1011.77	-0.13	3.04	201.81	43.00	-55.02	9.82	9.62	9.85	0.35	4.94	23.87	16.08	384.69	5.76	0.621	0.0	0.00	6.028	33.367	33.845	119.00	11.85	-38.583	5.1082
STD2-DRAIN	128	13/12/11	17:05:19	17:05:24	-49.5496	1.8136	5.74	357.83	12817480.00	357.13	13526643.00	-0.30	30.12	1011.68	1011.53	-0.17	3.02	56.98	43.00	-55.03	9.82	9.62	9.85	0.35	4.94	23.75	16.08	384.96	5.73	0.781	0.0	0.00	6.010	33.365	33.861	118.90	11.84	-38.583	5.0762
STD3	0	13/12/11	17:10:11	17:10:16	-49.5620	1.8010	5.71	377.50	12773275.00	376.92	13538412.00	-0.31	30.15	1011.54	1011.48	-0.10	3.04	66.54	43.00	-55.05	9.82	9.62	9.85	0.35	5.00	23.75	15.98	384.04	5.70	0.871	0.0	0.00	5.982	33.359	33.884	119.00	11.85	-38.583	5.0540
STD4	0	13/12/11	17:14:39	17:14:44	-49.5733	1.7894	5.68	427.83	12670353.00	427.36	13529730.00	-0.30	30.16	1011.59	1011.42	-0.15	3.04	56.47	43.00	-55.02	9.82	9.62	9.85	0.35	4.87	23.75	15.98	382.49	5.66	0.697	0.0	0.00	5.969	33.305	33.835	118.70	11.83	-38.583	4.9842
ATM	128	13/12/11	17:19:09	17:19:14	-49.5848	1.7783	5.62	NaN	12759214.00	388.02	13459591.00	0.76	30.17	1011.48	1011.56	-0.18	3.04	104.40	43.00	-55.03	9.82	9.62	9.85	0.35	4.87	23.75	15.87	382.19	5.62	0.719	0.0	0.00	5.908	33.262	33.848	118.10	11.79	-38.583	4.9644
ATM	0	13/12/11	17:20:39	17:20:44	-49.5887	1.7746	5.62	NaN	12778520.00	388.21	13473389.00	0.76	30.19	1011.35	1011.29	-0.21	3.04	104.10	43.00	-55.03	9.82	9.62	9.85	0.35	4.87	23.81	15.87	382.06	5.61	0.739	0.0	0.00	5.920	33.247	33.819	117.90	11.76	-38.583	4.9463
ATM	0	13/12/11	17:22:09	17:22:14	-49.5926	1.7710	5.61	NaN	12704182.00	388.15	13423865.00	0.75	30.20	1011.30	1011.22	-0.17	3.04	104.10	43.00	-55.03	9.82	9.62	9.85	0.35	4.75	23.81	15.87	381.88	5.59	0.725	0.0	0.00	5.909	33.234	33.815	117.70	11.75	-38.583	4.9647
ATM	0	13/12/11	17:23:39	17:23:44	-49.5965	1.7675	5.61	NaN	12742453.00	388.27	13456692.00	0.75	30.21	1011.34	1011.31	-0.18	3.04	104.22	43.00	-55.07	9.82	9.62	9.85	0.35	4.75	23.81	15.87	382.68	5.61	0.794	0.0	0.00	5.897	33.241	33.835	117.60	11.75	-38.583	4.9567
ATM	128	13/12/11	17:25:09	17:25:14	-49.6003	1.7641	5.62	NaN	12734399.00	388.30	13448600.00	0.74	30.22	1011.25	1011.18	-0.16	3.05	104.10	43.00	-55.07	9.82	9.62	9.85	0.35	4.87	23.75	15.87	383.45	5.61	0.810	0.0	0.00	5.914	33.253	33.831	117.50	11.73	-38.583	4.9571
ATM	0	13/12/11	17:26:39	17:26:44	-49.6042	1.7607	5.61	NaN	12731644.00	388.17	13461165.00	0.73	30.22	1011.19	1011.08	-0.18	3.04	104.34	43.00	-55.08	9.82	9.62	9.85	0.35	4.87	23.75	15.87	384.00	5.61	0.793	0.0	0.00	5.913	33.251	33.830	117.50	11.73	-38.583	4.9551
ATM	0	13/12/11	17:28:09	17:28:14	-49.6080	1.7571	5.61	NaN	12778589.00	388.18	13473196.00	0.73	30.22	1011.20	1011.11	-0.20	3.03	104.16	43.00	-55.05	9.82	9.62	9.85	0.35	4.75	23.75	15.87	383.18	5.61	0.760	0.0	0.00	5.899	33.245	33.837	117.60	11.74	-38.583	4.9548
ATM	0	13/12/11	17:29:39	17:29:44	-49.6119	1.7537	5.61	NaN	12768913.00	388.19	13455650.00	0.73	30.21	1011.15	1011.14	-0.19	3.02	104.28	43.00	-55.05	9.82	9.62	9.85	0.35	4.87	23.75	15.87	382.86	5.60	0.794	0.0	0.00	5.886	33.250	33.856	117.50	11.74	-38.583	4.9409
ATM	0	13/12/11	17:31:09	17:31:14	-49.6158	1.7500	5.60	NaN	12745270.00	388.18	13444718.00	0.72	30.22	1011.08	1011.02	-0.14	3.01	104.22	43.00	-55.04	9.82	9.62	9.85	0.35	4.87	23.69	15.87	383.47	5.59	0.774	0.0	0.00	5.891	33.237	33.836	117.50	11.73	-38.583	4.9344
ATM	0	13/12/11	17:32:39	17:32:44	-49.6197	1.7466	5.59	NaN	12821588.00	388.00	13499768.00	0.71	30.22	1011.09	1010.88	-0.28	3.03	104.65	43.00	-55.05	9.82	9.62	9.85	0.35	4.75	23.69	15.77	383.52	5.58	0.812	0.0	0.00	5.883	33.236	33.843	117.40	11.72	-38.583	4.9356
EQU-DRAIN	128	13/12/11	17:37:35	17:37:40	-49.6324	1.7348	5.60	NaN	12697879.00	402.85	13485030.00	0.19	30.21	1010.96	1010.85	-0.34	3.02	86.94	43.00	-55.05	9.82	9.62	9.85	0.35	4.81	23.69	15.77	383.34	5.59	0.832	0.0	0.00	5.868	33.224	33.845	117.10	11.70	-38.583	4.9455
EQU	0	13/12/11	17:39:23	17:39:28	-49.6370	1.7306	5.61	NaN	12753909.00	386.67	13479021.00	0.20	30.20	1011.10	1011.14	-0.31	3.03	88.35	43.00	-55.07	9.82	9.62	9.85	0.35	4.81	23.62	15.77	383.00	5.59	0.865	0.0	0.00	5.873	33.236	33.853	117.10	11.70	-38.583	4.9585
EQU	0	13/12/11	17:40:52	17:40:57	-49.6408	1.7268	5.61	NaN	12836612.00	388.81	13544566.00	0.19	30.19	1010.95	1010.64	-0.31	3.04	88.35	43.00	-55.05	9.82	9.62	9.85	0.35	4.75	23.62	15.77	383.33	5.59	0.877	0.0	0.00	5.887	33.239	33.844	117.00	11.69	-38.583	4.9608
EQU	0	13/12/11	17:42:22	17:42:27	-49.6448	1.7233	5.62	NaN	12714481.00	389.11	13482188.00	0.19	30.19	1010.99	1010.94	-0.34	3.03	88.35	43.00	-55.05	9.82	9.62	9.85	0.35	4.81	23.56	15.77	382.69	5.60	0.892	0.0	0.00	5.904	33.240	33.827	116.90	11.67	-38.583	4.9577
EQU	0	13/12/11	17:43:52	17:43:57	-49.6487	1.7196	5.62	NaN	12717945.00	389.13	13504546.00	0.18	30.19	1010.87	1010.80	-0.35	3.02	88.35	43.00	-55.06	9.82	9.62	9.85	0.35	4.94	23.62	15.77	382.48	5.60	0.899	0.0	0.00	5.898	33.247	33.841	116.80	11.66	-38.583	4.9506
EQU	128	13/12/11	17:45:22	17:45:27	-49.6525	1.7158	5.61	NaN	12777302.00	388.95	13498463.00	0.17	30.18	1010.89	1010.74	-0.19	3.04	88.02	43.00	-55.08	9.82	9.62	9.85	0.35	4.81	23.62	15.77	383.10	5.60	0.856	0.0	0.00	5.905	33.246	33.832	116.80	11.66	-38.583	4.9508
EQU	0	13/12/11	17:46:52	17:46:57	-49.6564	1.7121	5.61	NaN	12756989.00	390.24	13504642.00	0.17	30.18	1010.91	1010.68	-0.31	3.03	88.19	43.00	-55.11	9.82	9.62	9.85	0.35	4.81	23.62	15.77	382.57	5.60	0.873	0.0	0.00	5.890	33.245	33.847	116.80	11.66	-38.583	4.9494
EQU	0	13/12/11	17:48:22	17:48:27	-49.6604	1.7086	5.61	NaN	12737098.00	390.75	13461854.00	0.17	30.18	1010.82	1010.71	-0.37	3.04	86.78	43.00	-55.10	9.82	9.62	9.85	0.35	5.00	23.62	15.67	382.87	5.60	0.903	0.0	0.00	5.909	33.245	33.828	116.70	11.65	-38.583	4.9591
EQU	128	13/12/11	17:49:52	17:49:57	-49.6642	1.7051	5.61	NaN	12738091.00	391.61	13511291.00	0.17	30.17	1010.73	1010.54	-0.23	3.03	87.59	43.00	-55.08	9.82	9.62	9.85	0.35	4.81	23.62	15.67	383.75	5.60	0.930	0.0	0.00	5.888	33.252	33.857	116.80	11.66	-38.583	4.9630
EQU	0	13/12/11	17:51:22	17:51:27	-49.6681	1.7016	5.61	NaN	12772964.00	392.50	13522157.00	0.17	30.16	1010.76	1010.47	-0.37	3.03	88.19	43.00	-55.07	9.82	9.62	9.85	0.35	4.75	23.62	15.77	383.39	5.61	0.910	0.0	0.00	5.886	33.258	33.864	116.80	11.66	-38.583	4.0000
EQU	0	13/12/11	17:52:52	17:52:57	-49.6721	1.6979	5.62	NaN	12789033.00	393.39	13530940.00	0.16	30.15	1010.70	1010.58	-0.27	3.02	87.64	43.00	-55.06	9.82	9.62	9.85	0.35	4.87	23.56	15.67	383.07	5.61	0.944	0.0	0.00	5.889	33.246	33.848	116.80	11.67	-38.583	4.9678
EQU	0	13/12/11	17:54:22	17:54:27	-49.6760	1.6944	5.62	NaN	12752010.00	393.71	13504159.00	0.16	30.16	1010.72	1010.68	-0.28	3.02	88.95	43.00	-55.08	9.82	9.62	9.85	0.35	4.00	23.62	15.67	383.16	5.62	0.944	0.0	0.00	5.897	33.252	33.847	116.90	11.67	-38.583	4.9653
EQU	128	13/12/11	17:55:52	17:55:57	-49.6800	1.6908	0.00	NaN	12778865.00	394.23	13532134.00	0.16	30.16	1010.68	1010.74	-0.23	3.03	89.23	43.00	-55.08	9.82	9.62	9.85	0.35	4.31	23.62	15.67	383.26	5.61	0.951	0.0	0.00	0.000	0.000	0.000	0.00	0.00	0.000	4.9751
EQU	0	13/12/11	17:57:22	17:57:27	-49.6839	1.6871	5.63	NaN	12766401.00	394.77	13519907.00	0.16	30.15	1010.73	1010.63	-0.34	3.03	88.35	43.00	-55.06	9.82	9.62	9.85	0.35	4.69	23.56	15.67	383.07	5.62	0.949	0.0	0.00	5.899	33.250	33.843	116.80	11.66	-38.583	5.0003
EQU	0	13/12/11	17:58:52	17:58:57	-49.6878	1.6837	5.64	NaN	12752077.00	395.70	13475678.00	0.16	30.15	1010.64	1010.57	-0.23	3.03	88.57	43.00	-55.05	9.82	9.62	9.85	0.35	4.75	23.56	15.67	383.31	5.63	0.971	0.0	0.00	5.910	33.269	33.853	116.90	11.66	-38.583	4.9995
EQU	0	13/12/11	18:00:22	18:00:27	-49.6916	1.6801	5.65	NaN	12753125.00	396.29	13493970.00	0.16	30.14	1010.61	1010.58	-0.40	3.01	87.81	43.00	-55.05	9.82	9.62	9.85	0.35	4.87	23.62	15.67	383.66	5.64	0.994	0.0	0.00	5.924	33.298	33.873	116.90	11.66	-38.583	1.0000
EQU	128	13/12/11	18:01:52	18:01:57	-49.6955	1.6766	5.66	NaN	12717359.00	395.80	13509690.00	0.16	30.13	1010.74	1010.54	-0.27	3.04	88.57	43.00	-55.07	9.82	9.62	9.85	0.36	4.81	23.56	15.67	384.78	5.66	1.044	0.0	0.00	5.928	33.306	33.877	117.00	11.67	-38.583	5.0054
EQU	0	13/12/11	18:03:22	18:03:27	-49.6994	1.6728	5.67	NaN	12762498.00	396.83	13516099.00	0.15	30.12	1010.57	1010.42	-0.40	3.02	87.53	43.00	-55.09	9.82	9.62	9.85	0.35	4.75	23.62	15.67	385.00	5.65	1.061	0.0	0.00	5.935	33.305	33.869	117.20	11.69	-38.583	5.0058
EQU-DRAIN	0	13/12/11	18:04:52	18:04:57	-49.7034	1.6693	5.66	NaN	12752151.00	398.98	13514439.00	0.15	30.12	1010.48	1010.32	-0.33	3.03	88.41	43.00	-55.07	9.82	9.62	9.85	0.35	4.81	23.62	15.57	384.59	5.69	1.003	0.0	0.00	5.952	33.300	33.847	117.40	11.70	-38.583	5.0005
EQU	0	13/12/11	18:06:43	18:06:48	-49.7084	1.6648	5.65	NaN	12706476.00	392.28	13466408.00	0.16	30.14	1010.56	1010.73	-0.37	3.03	87.16	43.00	-55.06	9.82	9.62	9.85	0.35	4.69	23.62	15.57	384.22	5.69	0.985	0.0	0.00	5.938	33.300	33.860	117.50	11.71	-38.583	4.9996
EQU	0	13/12/11	18:08:12	18:08:17	-49.7122	1.6612	5.65	NaN	12769317.00	402.79	13529476.00	0.15	30.15	1010.46	1010.29	-0.34	3.02	89.83	43.00	-55.08	9.82	9.62	9.85	0.35	3.87	23.69	15.67	384.64	5.70	0.954	0.0	0.00	5.941	33.299	33.857	117.50	11.72	-38.583	4.9944
EQU	128	13/12/11	18:09:42	18:09:47	-49.7162	1.6575	5.65	NaN	12748847.00	404.15	13512405.00	0.16	30.16	1010.36	1010.44	-0.33	3.04	89.06	43.00	-55.08	9.82	9.62	9.85	0.35	4.62	23.69	15.57	386.19	5.66	1.053	0.0	0.00	5.924	33.292	33.866	117.60	11.74	-38.583	4.9781
EQU	0	13/12/11	18:11:12	18:11:17	-49.7202	1.6539	5.64	NaN	12694300.00	407.87	13459610.00	0.16	30.16	1010.31	1010.55	-0.34	3.04	88.35	43.00	-55.08	9.82	9.62	9.85	0.35	4.81	23.62	15.57	385.88	5.63	1.054	0.0	0.00	5.933	33.288	33.851	117.60	11.73	-38.583	4.9630
EQU	0	13/12/11	18:12:42	18:12:47	-49.7242	1.6505	5.63	NaN	12682386.00	408.83	13488192.00	0.15	30.16	1010.21	1010.41	-0.28	3.04	87.97	43.00	-55.07	9.82	9.62	9.85	0.35	4.94	23.62	15.57	385.83	5.62	1.029	0.0	0.00	5.924	33.267	33.837	117.50	11.72	-38.583	4.9761
EQU	0	13/12/11	18:14:12	18:14:17	-49.7280	1.6468	5.64	NaN	12742702.00	413.34	13519662.00	0.15	30.17	1010.30	1009.93	-0.28	3.05	89.06	43.00	-55.04	9.82	9.62	9.85	0.35	3.94	23.62	15.57	386.13	5.63	1.011	0.0	0.00	5.930	33.275	33.841	117.50	11.72	-38.583	4.9760
EQU	128	13/12/11	18:15:42	18:15:47	-49.7319	1.6434	5.63	NaN	12680901.00	412.66	13498494.00	0.15	30.17	1010.26	1009.92	-0.33	3.05	88.84	43.00	-55.05	9.82	9.62	9.85	0.35	4.37	23.56	15.57	387.49	5.63	1.015	0.0	0.00	5.930	33.287	33.853	117.50	11.73	-38.583	4.9000
EQU	0	13/12/11	18:17:12	18:17:17	-49.7359	1.6398	5.62	NaN	12757479.00	412.50	13516471.00	0.15	30.17	1010.21	1010.01	-0.34	3.03	87.26	43.00	-55.05	9.82	9.62	9.85	0.35	4.75	23.56	15.57	386.39	5.61	0.982	0.0	0.00	5.911	33.263	33.846	117.70	11.74	-38.583	4.9146
EQU	0	13/12/11	18:18:42	18:18:47	-49.7398	1.6363	5.59	NaN	12678064.00	409.65	13485153.00	0.15	30.16	1010.22	1010.41	-0.37	2.99	88.13	43.00	-55.05	9.82	9.62	9.85	0.35	4.87	23.50	15.57	0.00	0.00	0.957	0.0	0.00	5.896	33.240	33.835	117.70	11.75	-38.583	4.8868
EQU	0	13/12/11	18:20:20	18:20:25	-49.7440	1.6323	5.56	NaN	12760740.00	403.10	13492921.00	0.15	30.16	1010.32	1010.09	-0.23	2.97	89.50	43.00	-55.07	9.82	9.62	9.85	0.35	4.81	23.56	15.47	386.03	5.55	1.013	0.0	0.00	5.886	33.211	33.813	117.60	11.74	-38.583	4.8494
EQU	0	13/12/11	18:21:52	18:21:57	-49.7481	1.6287	5.53	NaN	12716498.00	403.19	13475268.00	0.15	30.16	1010.15	1010.12	-0.36	2.98	87.81	43.00	-55.06	9.82	9.62	9.85	0.35	4.75	23.50	15.57	386.24	5.51	1.008	0.0	0.00	5.846	33.178	33.815	117.60	11.75	-38.583	4.8156
EQU	0	13/12/11	18:23:22	18:23:27	-49.7520	1.6251	5.50	NaN	12707243.00	402.52	13515705.00	0.14	30.15	1010.04	1010.07	-0.36	2.98	89.56	43.00	-55.05	9.82	9.62	9.85	0.35	4.81	23.50	15.47	385.31	5.48	0.987	0.0	0.00	5.840	33.153	33.792	117.40	11.74	-38.583	4.7801
EQU	128	13/12/11	18:24:52	18:24:57	-49.7559	1.6214	5.46	NaN	12750925.00	401.10	13534701.00	0.14	30.15	1010.07	1009.94	-0.33	2.98	88.24	43.00	-55.05	9.82	9.62	9.85	0.35	4.94	23.50	15.47	386.70	5.44	0.982	0.0	0.00	5.828	33.122	33.770	117.30	11.73	-38.583	4.7637
EQU	0	13/12/11	18:26:22	18:26:27	-49.7598	1.6176	5.44	NaN	12737111.00	397.98	13495604.00	0.15	30.15	1010.02	1010.01	-0.25	2.96	90.22	43.00	-55.05	9.82	9.62	9.85	0.35	4.00	23.50	15.47	385.90	5.43	0.989	0.0	0.00	5.815	33.103	33.760	117.00	11.71	-38.583	4.7431
EQU	0	13/12/11	18:27:52	18:27:57	-49.7637	1.6140	5.42	NaN	12673194.00	396.01	13459954.00	0.15	30.14	1009.96	1010.10	-0.25	2.96	89.50	43.00	-55.06	9.82	9.62	9.85	0.35	4.25	23.44	15.47	386.22	5.41	0.961	0.0	0.00	5.782	33.094	33.784	116.90	11.71	-38.583	4.7253
EQU	0	13/12/11	18:29:22	18:29:27	-49.7675	1.6103	5.40	NaN	12835350.00	394.97	13546705.00	0.14	30.13	1009.90	1009.63	-0.37	2.97	87.75	43.00	-55.07	9.82	9.62	9.85	0.35	4.69	23.44	15.47	386.89	5.39	0.985	0.0	0.00	5.829	33.071	33.711	116.30	11.64	-38.583	0.0000
EQU	128	13/12/11	18:30:53	18:30:58	-49.7714	1.6063	5.38	NaN	12760224.00	394.35	13507092.00	0.14	30.12	1009.91	1009.88	-0.25	2.97	90.11	43.00	-55.06	9.82	9.62	9.85	0.35	4.81	23.44	15.47	385.90	5.36	1.034	0.0	0.00	5.731	33.046	33.780	116.60	11.70	-38.583	4.6557
EQU	0	13/12/11	18:32:22	18:32:27	-49.7754	1.6026	5.34	NaN	12800230.00	394.39	13519266.00	0.14	30.12	1010.13	0.00	-0.33	2.97	87.53	43.00	-55.06	9.82	9.62	9.85	0.35	4.94	23.50	15.47	385.76	5.34	1.041	0.0	0.00	5.691	33.017	33.788	116.60	11.71	-38.583	4.6107
EQU	0	13/12/11	18:33:52	18:33:57	-49.7793	1.5991	5.31	NaN	12776417.00	394.58	13538635.00	0.14	30.12	1009.96	1009.79	-0.28	2.97	89.83	43.00	-55.08	9.82	9.62	9.85	0.35	4.00	23.50	15.47	385.30	5.30	0.997	0.0	0.00	5.708	32.991	33.741	116.50	11.69	-38.583	4.5552
EQU-DRAIN	0	13/12/11	18:35:22	18:35:27	-49.7832	1.5953	5.26	NaN	12733347.00	395.60	13504958.00	0.14	30.12	1009.88	1009.90	-0.22	2.97	89.67	43.00	-55.09	9.82	9.62	9.85	0.35	4.25	23.44	15.47	385.13	5.25	0.967	0.0	0.00	5.646	32.937	33.742	116.50	11.71	-38.583	4.3047
EQU	0	13/12/11	18:37:14	18:37:19	-49.7881	1.5906	5.05	NaN	12752957.00	387.86	13511318.00	0.15	30.12	1009.97	1009.79	-0.23	2.96	89.78	43.00	-55.08	9.82	9.62	9.85	0.35	4.81	23.44	15.37	387.05	5.01	1.023	0.0	0.00	5.574	32.749	33.600	116.30	11.72	-38.583	4.2238
EQU	0	13/12/11	18:38:42	18:38:47	-49.7919	1.5872	4.95	NaN	12738518.00	390.84	13495467.00	0.14	30.12	1009.86	1010.01	-0.33	2.97	88.73	43.00	-55.08	9.82	9.62	9.85	0.35	4.94	23.44	15.37	387.43	4.94	1.022	0.0	0.00	5.450	32.684	33.651	116.20	11.74	-38.583	4.2680
EQU	0	13/12/11	18:40:12	18:40:17	-49.7957	1.5837	4.96	NaN	12798343.00	390.88	13511722.00	0.14	30.11	1009.90	1009.79	-0.19	2.97	89.72	43.00	-55.08	9.82	9.62	9.85	0.35	3.94	23.44	15.37	387.62	4.96	1.006	0.0	0.00	5.348	32.696	33.767	116.40	11.78	-38.583	4.2635
EQU	0	13/12/11	18:41:42	18:41:47	-49.7996	1.5802	4.97	NaN	12771147.00	390.57	13526198.00	0.14	30.11	1009.83	1009.47	-0.29	2.97	85.86	43.00	-55.09	9.82	9.62	9.85	0.35	4.31	23.37	15.37	387.59	4.95	1.020	0.0	0.00	5.293	32.691	33.817	116.60	11.82	-38.583	4.2978
EQU	0	13/12/11	18:43:12	18:43:17	-49.8035	1.5763	4.98	NaN	12777694.00	390.39	13529289.00	0.14	30.10	1009.77	1009.53	-0.28	2.97	90.06	43.00	-55.06	9.82	9.62	9.85	0.35	4.75	23.37	15.37	386.75	4.97	0.957	0.0	0.00	5.287	32.701	33.834	116.70	11.83	-38.583	4.3050
EQU	128	13/12/11	18:44:42	18:44:47	-49.8074	1.5728	4.99	NaN	12758180.00	389.47	13514003.00	0.14	30.09	1009.75	1009.51	-0.39	2.97	88.52	43.00	-55.05	9.82	9.62	9.85	0.35	4.81	23.31	15.37	386.42	4.98	0.914	0.0	0.00	5.270	32.709	33.861	116.90	11.85	-38.583	4.3193
EQU	0	13/12/11	18:46:12	18:46:17	-49.8113	1.5689	5.00	NaN	12777896.00	390.04	13505829.00	0.14	30.08	1009.75	1009.58	-0.25	2.95	90.00	43.00	-55.07	9.82	9.62	9.85	0.35	4.94	23.37	15.37	385.37	5.00	0.913	0.0	0.00	5.328	32.711	33.805	116.80	11.83	-38.583	4.3426
EQU	0	13/12/11	18:47:42	18:47:47	-49.8151	1.5654	5.01	NaN	12797416.00	390.64	13542761.00	0.14	30.07	1009.68	1009.36	-0.32	2.97	88.08	43.00	-55.09	9.82	9.62	9.85	0.35	4.75	23.31	15.37	385.35	5.00	0.922	0.0	0.00	5.312	32.729	33.841	116.80	11.83	-38.583	4.3853
EQU	0	13/12/11	18:49:12	18:49:17	-49.8190	1.5617	5.04	NaN	12792989.00	390.72	13529131.00	0.14	30.06	1009.75	1009.34	-0.22	2.96	89.61	43.00	-55.10	9.82	9.62	9.85	0.35	4.81	23.37	15.37	384.96	5.04	0.899	0.0	0.00	5.331	32.757	33.854	116.80	11.82	-38.583	4.4119
EQU	128	13/12/11	18:50:42	18:50:47	-49.8229	1.5581	5.08	NaN	12774069.00	390.27	13502125.00	0.14	30.05	1009.63	1009.54	-0.38	2.95	88.63	43.00	-55.07	9.82	9.62	9.85	0.35	5.00	23.31	15.26	384.88	5.07	0.917	0.0	0.00	0.000	0.000	0.000	0.00	0.00	0.000	4.4588
EQU	0	13/12/11	18:52:13	18:52:18	-49.8268	1.5542	5.11	NaN	12702726.00	389.49	13462930.00	0.14	30.04	1009.49	1009.71	-0.28	2.95	88.79	43.00	-55.07	9.82	9.62	9.85	0.35	4.75	23.31	15.26	384.04	5.11	0.891	0.0	0.00	5.376	32.815	33.875	116.90	11.82	-38.583	4.4770
EQU	0	13/12/11	18:53:42	18:53:47	-49.8306	1.5505	5.14	NaN	12767793.00	389.46	13520979.00	0.14	30.03	1009.56	1009.39	-0.25	2.96	90.17	43.00	-55.08	9.82	9.62	9.85	0.35	4.75	23.31	15.26	383.84	5.14	0.870	0.0	0.00	5.440	32.834	33.833	116.80	11.79	-38.583	4.5946
EQU	0	13/12/11	18:55:12	18:55:17	-49.8345	1.5468	5.22	NaN	12823223.00	389.48	13546628.00	0.14	30.02	1009.48	1009.15	-0.28	2.96	88.30	43.00	-55.08	9.82	9.62	9.85	0.35	4.87	23.31	15.26	382.85	5.22	0.902	0.0	0.00	5.447	32.901	33.902	117.00	11.80	-38.583	4.5580
EQU	0	13/12/11	18:56:42	18:56:47	-49.8385	1.5430	5.24	NaN	12776890.00	389.38	13519813.00	0.14	30.03	1009.52	1009.29	-0.31	2.96	89.50	43.00	-55.10	9.82	9.62	9.85	0.35	4.87	23.31	15.26	382.58	5.22	0.916	0.0	0.00	5.502	32.896	33.839	116.90	11.78	-38.583	4.6358
EQU	0	13/12/11	18:58:12	18:58:17	-49.8424	1.5390	5.26	NaN	12758272.00	388.04	13491252.00	0.14	30.02	1009.50	1009.44	-0.34	2.97	88.73	43.00	-55.09	9.82	9.62	9.85	0.35	4.75	23.31	15.26	382.67	5.26	0.963	0.0	0.00	5.536	32.935	33.851	116.80	11.77	-38.583	4.6288
EQU	0	13/12/11	18:59:42	18:59:47	-49.8464	1.5354	5.28	NaN	12771863.00	386.82	13510306.00	0.14	30.02	1009.39	1009.19	-0.36	2.97	88.35	43.00	-55.08	9.82	9.62	9.85	0.35	4.87	23.37	15.26	383.95	5.27	0.991	0.0	0.00	5.581	32.937	33.808	116.80	11.76	-38.583	4.6650
EQU	128	13/12/11	19:01:12	19:01:17	-49.8503	1.5319	5.30	NaN	12750744.00	385.98	13493660.00	0.14	30.02	1009.39	1009.30	-0.31	2.95	90.55	43.00	-55.08	9.82	9.62	9.85	0.35	4.94	23.31	15.26	384.60	5.30	1.036	0.0	0.00	0.000	0.000	0.000	0.00	0.00	0.000	4.6715
EQU	0	13/12/11	19:02:42	19:02:47	-49.8543	1.5282	5.32	NaN	12788297.00	384.78	13525771.00	0.14	30.01	1009.36	1009.12	-0.27	2.96	88.13	43.00	-55.09	9.82	9.62	9.85	0.35	4.75	23.25	15.26	384.98	5.31	1.057	0.0	0.00	5.637	32.995	33.818	116.90	11.75	-38.583	4.6591
EQU	0	13/12/11	19:04:12	19:04:17	-49.8583	1.5246	5.31	NaN	12744715.00	383.93	13498133.00	0.14	30.01	1009.07	1008.85	-0.32	2.97	88.35	43.00	-55.08	9.82	9.62	9.85	0.35	4.81	23.25	15.16	385.19	5.31	1.050	0.0	0.00	5.622	32.987	33.823	117.00	11.76	-38.583	4.6440
EQU-DRAIN	0	13/12/11	19:05:42	19:05:47	-49.8623	1.5208	5.30	NaN	12803169.00	382.84	13527073.00	0.14	29.99	1009.10	1008.75	-0.37	2.97	88.24	43.00	-55.09	9.82	9.62	9.85	0.35	4.94	23.25	15.16	384.72	5.29	1.026	0.0	0.00	5.662	32.977	33.772	117.00	11.75	-38.583	4.6070
EQU	0	13/12/11	19:07:34	19:07:38	-49.8673	1.5164	5.27	NaN	12806409.00	377.71	13528301.00	0.14	29.97	1009.09	1009.04	-0.22	2.95	89.72	43.00	-55.08	9.82	9.62	9.85	0.36	4.81	23.25	15.16	384.05	5.27	1.030	0.0	0.00	5.663	32.955	33.745	116.50	11.70	-38.583	4.6091
EQU	0	13/12/11	19:09:02	19:09:07	-49.8717	1.5140	5.27	NaN	12789580.00	377.80	13494229.00	0.14	29.97	1009.17	1009.10	-0.36	2.97	87.53	43.00	-55.08	9.82	9.62	9.85	0.35	4.94	23.25	15.16	385.37	5.26	0.984	0.0	0.00	5.631	32.946	33.767	116.20	11.68	-38.583	4.5950
EQU	0	13/12/11	19:10:32	19:10:37	-49.8757	1.5109	5.25	NaN	12762454.00	378.87	13492688.00	0.15	29.97	1009.06	1008.66	-0.30	2.95	88.24	43.00	-55.08	9.82	9.62	9.85	0.35	4.00	23.25	15.16	384.35	5.26	0.961	0.0	0.00	5.624	32.932	33.758	116.00	11.66	-38.583	4.6096
EQU	0	13/12/11	19:12:02	19:12:07	-49.8794	1.5073	5.26	NaN	12771860.00	379.17	13506694.00	0.14	29.96	1009.19	1009.16	-0.27	2.98	88.41	43.00	-55.11	9.82	9.62	9.85	0.35	4.31	23.25	15.16	384.54	5.26	0.949	0.0	0.00	5.602	32.943	33.793	116.10	11.67	-38.583	4.5997
EQU	0	13/12/11	19:13:32	19:13:37	-49.8831	1.5036	5.27	NaN	12761904.00	379.23	13507772.00	0.14	29.95	1009.02	1008.89	-0.20	2.97	88.52	43.00	-55.10	9.82	9.62	9.85	0.35	4.69	23.19	15.16	384.43	5.25	0.949	0.0	0.00	5.574	32.933	33.810	116.10	11.69	-38.583	4.6232
EQU	0	13/12/11	19:15:03	19:15:07	-49.8869	1.5000	5.26	NaN	12742003.00	378.88	13492038.00	0.14	29.95	1009.00	1008.95	-0.24	2.98	89.45	43.00	-55.08	9.82	9.62	9.85	0.35	4.81	23.25	15.06	384.07	5.26	0.987	0.0	0.00	5.556	32.946	33.843	116.30	11.70	-38.583	4.6248
EQU	0	13/12/11	19:16:32	19:16:37	-49.8906	1.4962	5.29	NaN	12759279.00	378.56	13509015.00	0.14	29.95	1008.91	1008.70	-0.29	2.99	86.56	43.00	-55.10	9.82	9.62	9.85	0.35	4.87	23.25	15.06	383.74	5.28	0.991	0.0	0.00	5.554	32.962	33.864	116.50	11.73	-38.583	4.6189
EQU	0	13/12/11	19:18:03	19:18:08	-49.8944	1.4923	5.28	NaN	12825536.00	379.75	13522658.00	0.14	29.94	1009.04	1008.79	-0.35	2.97	87.32	43.00	-55.10	9.82	9.62	9.85	0.35	3.94	23.25	15.06	382.99	5.28	0.943	0.0	0.00	5.561	32.956	33.849	116.70	11.75	-38.583	4.6485
EQU	0	13/12/11	19:19:32	19:19:37	-49.8980	1.4884	5.30	NaN	12803908.00	380.29	13512332.00	0.14	29.93	1009.03	1008.69	-0.25	2.96	89.01	43.00	-55.09	9.82	9.62	9.85	0.36	4.25	23.19	15.06	382.78	5.30	0.909	0.0	0.00	5.584	32.983	33.857	116.80	11.75	-38.583	4.6251
EQU	128	13/12/11	19:21:03	19:21:08	-49.9019	1.4843	5.29	NaN	12841721.00	379.85	13555187.00	0.14	29.92	1009.01	1008.95	-0.34	2.97	89.12	43.00	-55.10	9.82	9.62	9.85	0.35	4.75	23.19	15.06	382.96	5.28	0.927	0.0	0.00	5.600	32.974	33.830	116.90	11.75	-38.583	4.6111
EQU	0	13/12/11	19:22:32	19:22:37	-49.9056	1.4805	5.28	NaN	12806890.00	378.88	13523560.00	0.14	29.91	1008.90	1008.84	-0.28	2.98	88.24	43.00	-55.13	9.82	9.62	9.85	0.35	4.75	23.19	15.06	383.61	5.26	0.924	0.0	0.00	5.611	32.956	33.799	116.80	11.75	-38.583	4.6071
EQU	0	13/12/11	19:24:02	19:24:07	-49.9094	1.4765	5.27	NaN	12804651.00	378.57	13519803.00	0.14	29.90	1008.77	1008.58	-0.33	2.95	88.79	43.00	-55.13	9.82	9.62	9.85	0.35	4.81	23.12	15.06	383.28	5.26	0.928	0.0	0.00	5.581	32.956	33.828	116.80	11.75	-38.583	4.6118
EQU	0	13/12/11	19:25:32	19:25:37	-49.9132	1.4726	5.26	NaN	12795746.00	378.50	13510038.00	0.14	29.88	1008.71	1008.52	-0.27	2.97	89.23	43.00	-55.12	9.82	9.62	9.85	0.35	4.94	23.06	15.06	382.83	5.26	0.976	0.0	0.00	5.582	32.948	33.819	116.80	11.75	-38.583	4.6265
EQU	0	13/12/11	19:27:02	19:27:07	-49.9170	1.4688	5.28	NaN	12743518.00	377.99	13489080.00	0.14	29.86	1008.71	1008.76	-0.26	2.95	89.01	43.00	-55.10	9.82	9.62	9.85	0.35	4.81	23.06	15.06	384.00	5.27	0.984	0.0	0.00	5.561	32.964	33.859	116.90	11.76	-38.583	4.6414
EQU	0	13/12/11	19:28:32	19:28:37	-49.9208	1.4650	5.29	NaN	12795888.00	377.66	13537642.00	0.14	29.85	1008.78	1008.54	-0.30	2.96	87.81	43.00	-55.10	9.82	9.62	9.85	0.35	4.75	23.06	14.96	384.58	5.28	0.993	0.0	0.00	5.577	32.974	33.854	116.80	11.75	-38.583	4.6391
EQU	0	13/12/11	19:30:02	19:30:07	-49.9245	1.4611	5.29	NaN	12799021.00	376.89	13504233.00	0.14	29.84	1008.83	1008.59	-0.28	2.96	90.28	43.00	-55.09	9.82	9.62	9.85	0.35	4.81	23.06	14.96	384.57	5.29	0.979	0.0	0.00	5.593	32.967	33.829	116.80	11.75	-38.583	4.6335
EQU	128	13/12/11	19:31:32	19:31:37	-49.9283	1.4571	5.29	NaN	12717067.00	376.28	13476024.00	0.14	29.83	1008.65	1008.32	-0.25	2.97	89.50	43.00	-55.11	9.82	9.62	9.85	0.35	4.94	23.12	14.96	385.99	5.28	0.961	0.0	0.00	5.581	32.964	33.837	116.90	11.76	-38.583	4.6354
EQU	0	13/12/11	19:33:03	19:33:08	-49.9320	1.4530	5.29	NaN	12842415.00	375.78	13528801.00	0.14	29.83	1008.78	1008.62	-0.35	2.96	88.19	43.00	-55.10	9.82	9.62	9.85	0.35	4.75	23.06	14.96	386.24	5.28	0.983	0.0	0.00	5.584	32.970	33.843	117.00	11.76	-38.583	4.6409
EQU	0	13/12/11	19:34:32	19:34:37	-49.9358	1.4491	5.30	NaN	12800493.00	375.62	13514121.00	0.14	29.82	1008.67	1008.44	-0.31	2.97	89.67	43.00	-55.11	9.82	9.62	9.85	0.35	4.75	23.06	14.96	387.02	5.29	0.974	0.0	0.00	5.590	32.972	33.838	117.00	11.77	-38.583	4.5930
EQU-DRAIN	0	13/12/11	19:36:02	19:36:07	-49.9397	1.4454	5.26	NaN	12787169.00	375.65	13515558.00	0.14	29.82	1008.62	1008.39	-0.28	2.97	87.86	43.00	-55.12	9.82	9.62	9.85	0.35	4.81	23.06	14.96	385.97	5.25	0.982	0.0	0.00	5.577	32.941	33.816	117.10	11.78	-38.583	4.5657
EQU	0	13/12/11	19:37:53	19:37:58	-49.9442	1.4408	5.23	NaN	12769852.00	374.13	13482554.00	0.15	29.81	1008.55	1008.41	-0.34	2.97	89.01	43.00	-55.15	9.82	9.62	9.85	0.35	4.81	23.06	14.96	385.48	5.22	0.989	0.0	0.00	5.559	32.915	33.804	117.00	11.77	-38.583	4.5269
EQU	0	13/12/11	19:39:23	19:39:28	-49.9480	1.4370	5.20	NaN	12783474.00	379.94	13510956.00	0.14	29.81	1008.50	1008.55	-0.37	2.96	87.37	43.00	-55.13	9.82	9.62	9.85	0.35	4.75	23.06	14.96	385.99	5.19	1.043	0.0	0.00	5.533	32.886	33.797	116.90	11.77	-38.583	4.5209
EQU	128	13/12/11	19:40:52	19:40:57	-49.9518	1.4332	5.18	NaN	12729919.00	381.35	13476182.00	0.15	29.79	1008.30	1008.01	-0.35	2.98	88.79	43.00	-55.13	9.82	9.62	9.85	0.35	4.87	23.00	14.86	387.29	5.17	1.007	0.0	0.00	0.000	0.000	0.000	0.00	0.00	0.000	4.5418
EQU	0	13/12/11	19:42:22	19:42:27	-49.9556	1.4294	5.19	NaN	12769203.00	381.45	13513650.00	0.14	29.77	1008.47	1008.34	-0.33	2.97	89.89	43.00	-55.13	9.82	9.62	9.85	0.35	3.94	22.94	14.86	385.70	5.20	0.950	0.0	0.00	5.488	32.886	33.843	116.80	11.78	-38.583	4.5398
EQU	0	13/12/11	19:43:52	19:43:57	-49.9597	1.4259	5.21	NaN	12727863.00	381.83	13487184.00	0.15	29.76	1008.42	1008.45	-0.28	2.96	90.22	43.00	-55.10	9.82	9.62	9.85	0.35	4.31	23.00	14.86	387.17	5.18	0.951	0.0	0.00	5.488	32.886	33.843	116.90	11.78	-38.583	4.4504
EQU	0	13/12/11	19:45:23	19:45:28	-49.9638	1.4224	5.15	NaN	12817072.00	380.93	13533623.00	0.14	29.75	1008.64	1008.22	-0.23	2.96	89.17	43.00	-55.08	9.82	9.62	9.85	0.35	4.69	23.00	14.86	386.90	5.13	0.962	0.0	0.00	5.481	32.833	33.790	116.80	11.78	-38.583	4.2699
EQU	0	13/12/11	19:46:52	19:46:57	-49.9676	1.4186	5.03	NaN	12761453.00	380.64	13516593.00	0.14	29.74	1008.18	1008.08	-0.31	2.97	89.56	43.00	-55.07	9.82	9.62	9.85	0.35	4.75	23.00	14.86	387.27	4.99	0.958	0.0	0.00	5.452	32.728	33.698	116.60	11.78	-38.583	4.2506
EQU	0	13/12/11	19:48:22	19:48:27	-49.9715	1.4152	4.92	NaN	12807032.00	383.33	13517152.00	0.14	29.74	1008.38	1008.11	-0.53	2.96	86.99	43.00	-55.11	9.82	9.62	9.85	0.35	4.81	23.06	14.86	389.59	4.93	1.037	0.0	0.00	5.349	32.673	33.739	116.50	11.79	-38.583	4.3007
EQU	0	13/12/11	19:49:52	19:49:57	-49.9755	1.4117	4.97	NaN	12738747.00	383.29	13493156.00	0.14	29.74	1008.33	1008.31	-0.28	2.98	88.68	43.00	-55.10	9.82	9.62	9.85	0.36	5.00	23.00	14.86	388.38	4.97	1.004	0.0	0.00	5.275	32.694	33.839	116.80	11.83	-38.583	4.3168
EQU	128	13/12/11	19:51:22	19:51:27	-49.9791	1.4081	4.97	NaN	12772055.00	382.43	13502429.00	0.14	29.73	1008.24	1007.91	-0.25	2.97	89.28	43.00	-55.11	9.82	9.62	9.85	0.36	4.75	23.00	14.86	388.55	4.97	1.014	0.0	0.00	5.261	32.697	33.856	116.90	11.85	-38.583	4.3513
EQU	0	13/12/11	19:52:52	19:52:57	-49.9828	1.4042	5.02	NaN	12736191.00	381.49	13473296.00	0.14	29.72	1008.26	1008.19	-0.26	2.96	89.67	43.00	-55.10	9.82	9.62	9.85	0.35	4.75	22.94	14.75	387.90	5.01	1.001	0.0	0.00	5.272	32.729	33.882	117.20	11.87	-38.583	4.3700
EQU	0	13/12/11	19:54:22	19:54:27	-49.9865	1.4006	5.05	NaN	12805661.00	380.50	13528490.00	0.14	29.72	1008.10	1007.79	-0.24	2.97	89.34	43.00	-55.13	9.82	9.62	9.85	0.35	4.87	23.00	14.75	0.00	0.00	0.985	0.0	0.00	5.296	32.746	33.876	116.90	11.84	-38.583	4.3970
EQU	0	13/12/11	19:56:00	19:56:05	-49.9905	1.3964	5.04	NaN	12772359.00	378.62	13511848.00	0.14	29.71	1008.09	1007.86	-0.34	2.96	89.23	43.00	-55.13	9.82	9.62	9.85	0.35	4.94	22.94	14.75	387.17	5.05	0.972	0.0	0.00	5.313	32.762	33.877	116.70	11.81	-38.583	4.4138
EQU	0	13/12/11	19:57:32	19:57:37	-49.9943	1.3927	5.07	NaN	12780195.00	379.06	13498920.00	0.14	29.71	1008.19	1007.92	-0.32	2.95	89.39	43.00	-55.11	9.82	9.62	9.85	0.35	3.81	23.00	14.75	386.69	5.07	0.9	0.0	0.00	5.322	32.779	33.889	116.50	11.79	-38.583	4.4040
EQU	0	13/12/11	19:59:02	19:59:07	-49.9980	1.3891	5.08	NaN	12747435.00	379.96	13499403.00	0.14	29.70	1007.93	1007.99	-0.75	2.95	89.56	43.00	-55.13	9.82	9.62	9.85	0.35	4.44	22.94	14.75	386.65	5.07	0.965	0.0	0.00	5.346	32.772	33.857	116.30	11.76	-38.583	4.4000
EQU	0	13/12/11	20:00:32	20:00:37	-50.0015	1.3857	5.05	NaN	12740179.00	380.87	13499690.00	0.14	29.69	1007.94	1007.78	-0.28	2.96	89.83	43.00	-55.11	9.82	9.62	9.85	0.35	4.75	22.94	14.75	387.29	5.05	0.966	0.0	0.00	5.352	32.758	33.834	116.10	11.75	-38.583	3045.0000
EQU	0	13/12/11	20:02:02	20:02:07	-50.0046	1.3827	5.00	NaN	12789226.00	381.29	13508401.00	0.14	29.68	1008.04	1007.68	-0.35	2.97	88.57	43.00	-55.09	9.82	9.62	9.85	0.35	4.87	22.94	14.75	386.23	4.99	0.933	0.0	0.00	5.331	32.709	33.800	116.00	11.74	-38.583	4.2704
EQU	0	13/12/11	20:03:32	20:03:37	-50.0076	1.3800	4.96	NaN	12797570.00	381.74	13512591.00	0.14	29.67	1007.85	1007.61	-0.22	2.95	89.06	43.00	-55.09	9.82	9.62	9.85	0.35	4.87	22.87	14.75	386.31	4.94	0.952	0.0	0.00	5.281	32.669	33.804	115.90	11.75	-38.583	4.1655
EQU	0	13/12/11	20:05:02	20:05:07	-50.0109	1.3771	4.88	NaN	12828808.00	381.22	13522032.00	0.14	29.66	1007.94	1007.62	-0.19	2.97	89.45	43.00	-55.10	9.82	9.62	9.85	0.35	3.81	22.75	14.75	387.68	4.86	1.033	0.0	0.00	5.239	32.605	33.773	115.80	11.75	-38.583	4.1104
EQU-DRAIN	128	13/12/11	20:06:32	20:06:37	-50.0145	1.3737	4.81	NaN	12820313.00	380.47	13524718.00	0.14	29.64	1007.88	1007.66	-0.34	2.95	88.90	43.00	-55.12	9.82	9.62	9.85	0.35	4.44	22.75	14.65	387.04	4.83	1.003	0.0	0.00	0.000	0.000	0.000	0.00	0.00	0.000	4.0756
EQU	0	13/12/11	20:08:23	20:08:28	-50.0191	1.3692	4.76	NaN	12809773.00	376.64	13529620.00	0.14	29.63	1007.81	1007.53	-0.22	2.96	88.35	43.00	-55.10	9.82	9.62	9.85	0.35	4.94	22.81	14.65	387.72	4.77	1.111	0.0	0.00	5.112	32.519	33.801	116.00	11.80	-38.583	4.1603
EQU	128	13/12/11	20:09:52	20:09:57	-50.0228	1.3657	4.80	NaN	12805756.00	381.31	13516715.00	0.14	29.61	1007.77	1007.56	-0.33	2.97	89.39	43.00	-55.12	9.82	9.62	9.85	0.35	5.00	22.81	14.65	387.93	4.80	0.989	0.0	0.00	5.089	32.549	33.861	116.00	11.81	-38.583	4.1895
EQU	0	13/12/11	20:11:22	20:11:27	-50.0265	1.3621	4.87	NaN	12769217.00	383.77	13512796.00	0.14	29.61	1007.86	1007.69	-0.27	2.96	89.78	43.00	-55.11	9.82	9.62	9.85	0.35	4.81	22.81	14.65	386.74	4.85	0.962	0.0	0.00	5.104	32.577	33.877	116.20	11.82	-38.583	4.2235
EQU	0	13/12/11	20:12:52	20:12:57	-50.0303	1.3585	4.87	NaN	12768203.00	384.59	13491982.00	0.14	29.61	1007.63	1007.48	-0.30	2.96	88.90	43.00	-55.11	9.82	9.62	9.85	0.35	4.75	22.87	14.65	385.37	4.87	0.901	0.0	0.00	5.139	32.594	33.861	116.10	11.81	-38.583	4.3033
EQU	0	13/12/11	20:14:22	20:14:27	-50.0340	1.3548	4.94	NaN	12783129.00	384.45	13527020.00	0.14	29.60	1007.71	1007.47	-0.28	2.97	89.39	43.00	-55.12	9.82	9.62	9.85	0.35	4.75	22.81	14.55	385.09	4.94	0.876	0.0	0.00	5.163	32.648	33.900	116.00	11.79	-38.583	4.2641
EQU	128	13/12/11	20:15:52	20:15:57	-50.0378	1.3512	4.93	NaN	12747449.00	384.44	13487797.00	0.14	29.60	1007.49	1007.30	-0.28	2.96	88.41	43.00	-55.11	9.82	9.62	9.85	0.36	4.81	22.87	14.65	386.85	4.92	0.913	0.0	0.00	0.000	0.000	0.000	0.00	0.00	0.000	4.2131
EQU	0	13/12/11	20:17:22	20:17:27	-50.0416	1.3476	4.88	NaN	12760357.00	383.44	13502801.00	0.14	29.59	1007.39	1007.39	-0.34	2.97	88.90	43.00	-55.11	9.82	9.62	9.85	0.36	4.87	22.75	14.55	387.68	4.87	1.008	0.0	0.00	5.214	32.592	33.783	115.70	11.75	-38.583	4.2510
EQU	0	13/12/11	20:18:52	20:18:57	-50.0455	1.3439	4.88	NaN	12728852.00	381.11	13480545.00	0.14	29.59	1007.43	1007.36	-0.26	2.97	87.37	43.00	-55.10	9.82	9.62	9.85	0.35	4.94	22.75	14.55	388.93	4.89	1.031	0.0	0.00	5.193	32.615	33.831	115.80	11.75	-38.583	4.1825
EQU	128	13/12/11	20:20:22	20:20:27	-50.0494	1.3405	4.87	NaN	12760656.00	379.67	13486405.00	0.14	29.59	1007.30	1007.07	-0.32	2.95	88.95	43.00	-55.09	9.82	9.62	9.85	0.36	3.81	22.81	14.55	389.03	4.86	1.064	0.0	0.00	5.184	32.601	33.823	115.70	11.75	-38.583	3.9713
EQU	0	13/12/11	20:21:52	20:21:57	-50.0532	1.3369	4.77	NaN	12810302.00	379.71	13538888.00	0.14	29.59	1007.28	1006.85	-0.22	2.96	88.35	43.00	-55.10	9.82	9.62	9.85	0.35	4.37	22.75	14.55	390.59	4.70	1.051	0.0	0.00	5.174	32.494	33.712	115.60	11.75	-38.583	3.9117
EQU	0	13/12/11	20:23:22	20:23:27	-50.0571	1.3334	4.60	NaN	12754455.00	380.47	13508306.00	0.14	29.57	1007.49	1007.39	-0.22	2.95	88.79	43.00	-55.10	9.82	9.62	9.85	0.36	4.69	22.75	14.55	391.00	4.59	1.015	0.0	0.00	5.079	32.398	33.697	115.50	11.77	-38.583	3.8807
EQU	0	13/12/11	20:24:52	20:24:57	-50.0609	1.3299	4.59	NaN	12761614.00	384.61	13493428.00	0.14	29.57	1007.35	1007.23	-0.41	2.96	86.56	43.00	-55.11	9.82	9.62	9.85	0.36	4.81	22.81	14.55	392.34	4.56	1.010	0.0	0.00	4.965	32.369	33.778	115.90	11.84	-38.583	3.6603
EQU	128	13/12/11	20:26:22	20:26:27	-50.0646	1.3262	4.43	NaN	12807336.00	388.47	13536742.00	0.14	29.57	1007.25	1007.00	-0.36	2.97	86.62	43.00	-55.12	9.82	9.62	9.85	0.35	4.87	22.81	14.45	393.54	4.41	1.018	0.0	0.00	4.905	32.239	33.688	115.80	11.85	-38.583	3.5926
EQU	0	13/12/11	20:27:52	20:27:56	-50.0684	1.3225	4.31	NaN	12780679.00	388.48	13524597.00	0.14	29.58	1007.37	1007.15	-0.31	2.95	87.86	43.00	-55.10	9.82	9.62	9.85	0.36	4.94	22.75	14.45	394.10	4.31	1.012	0.0	0.00	4.787	32.161	33.718	115.50	11.85	-38.583	3.5465
EQU	0	13/12/11	20:29:22	20:29:26	-50.0721	1.3186	4.29	NaN	12795829.00	387.47	13527587.00	0.14	29.57	1007.41	1007.06	-0.31	2.94	88.08	43.00	-55.09	9.82	9.62	9.85	0.36	3.81	22.75	14.45	393.98	4.28	1.040	0.0	0.00	4.680	32.122	33.782	115.70	11.89	-38.583	3.6649
EQU	0	13/12/11	20:30:52	20:30:57	-50.0759	1.3147	4.33	NaN	12757569.00	386.22	13498813.00	0.14	29.57	1007.31	1007.03	-0.24	2.96	89.56	43.00	-55.10	9.82	9.62	9.85	0.36	4.44	22.75	14.45	393.15	4.34	1.016	0.0	0.00	4.633	32.148	33.861	115.70	11.91	-38.583	3.7336
EQU	0	13/12/11	20:32:22	20:32:27	-50.0797	1.3108	4.40	NaN	12745247.00	384.99	13499048.00	0.14	29.57	1007.33	1007.11	-0.34	2.95	87.86	43.00	-55.09	9.82	9.62	9.85	0.35	4.69	22.75	14.45	391.94	4.41	1.036	0.0	0.00	4.645	32.194	33.901	115.80	11.91	-38.583	3.7609
EQU	0	13/12/11	20:33:52	20:33:57	-50.0834	1.3069	4.41	NaN	12764253.00	384.70	13504876.00	0.14	29.55	1007.29	1007.13	-0.23	2.97	89.50	43.00	-55.11	9.82	9.62	9.85	0.36	4.75	22.75	14.45	391.36	4.44	1.005	0.0	0.00	4.684	32.216	33.886	115.70	11.89	-38.583	3.8393
EQU	0	13/12/11	20:35:22	20:35:27	-50.0873	1.3032	4.47	NaN	12730481.00	386.19	13471845.00	0.14	29.55	1007.16	1006.89	-0.26	2.96	88.46	43.00	-55.12	9.82	9.62	9.85	0.35	4.87	22.75	14.35	391.54	4.49	1.008	0.0	0.00	4.717	32.270	33.917	115.80	11.89	-38.583	3.8761
EQU-DRAIN	0	13/12/11	20:36:52	20:36:57	-50.0911	1.2995	4.51	NaN	12783108.00	386.39	13518634.00	0.14	29.54	1007.27	1006.88	-0.32	2.95	88.02	43.00	-55.08	9.82	9.62	9.85	0.36	5.00	22.81	14.45	390.42	4.52	1.033	0.0	0.00	4.763	32.294	33.897	115.80	11.88	-38.583	3.8900
EQU	0	13/12/11	20:38:43	20:38:48	-50.0959	1.2948	4.55	NaN	12805657.00	380.95	13519247.00	0.14	29.53	1007.03	1006.75	-0.35	2.96	88.08	43.00	-55.10	9.82	9.62	9.85	0.36	3.87	22.81	14.35	390.68	4.55	1.058	0.0	0.00	4.814	32.309	33.863	115.80	11.87	-38.583	3.8445
EQU	128	13/12/11	20:40:12	20:40:17	-50.0998	1.2912	4.51	NaN	12724268.00	384.93	13486076.00	0.14	29.53	1007.12	1006.99	-0.38	2.97	88.52	43.00	-55.13	9.82	9.62	9.85	0.36	4.69	22.81	14.35	390.98	4.53	1.169	0.0	0.00	4.838	32.315	33.845	115.70	11.85	-38.583	3.8689
EQU	0	13/12/11	20:41:42	20:41:47	-50.1036	1.2876	4.54	NaN	12769664.00	384.42	13512100.00	0.14	29.52	1007.24	1006.96	-0.30	2.95	88.41	43.00	-55.13	9.82	9.62	9.85	0.36	4.81	22.69	14.35	393.39	4.53	1.154	0.0	0.00	4.843	32.331	33.858	115.70	11.84	-38.583	3.8388
EQU	0	13/12/11	20:43:12	20:43:16	-50.1074	1.2840	4.50	NaN	12791261.00	382.35	13497227.00	0.14	29.51	1007.25	1007.20	-0.25	2.95	90.00	43.00	-55.11	9.82	9.62	9.85	0.36	4.87	22.75	14.35	393.04	4.52	1.166	0.0	0.00	4.841	32.304	33.829	115.70	11.85	-38.583	3.8708
EQU	0	13/12/11	20:44:42	20:44:47	-50.1112	1.2802	4.53	NaN	12791245.00	380.68	13500264.00	0.14	29.51	1007.26	1007.02	-0.40	2.95	88.57	43.00	-55.11	9.82	9.62	9.85	0.36	3.87	22.69	14.35	393.17	4.52	1.210	0.0	0.00	4.826	32.326	33.870	116.00	11.88	-38.583	3.8263
EQU	0	13/12/11	20:46:12	20:46:17	-50.1151	1.2765	4.51	NaN	12755025.00	379.47	13468813.00	0.14	29.50	1007.11	1007.17	-0.38	2.96	89.23	43.00	-55.13	9.82	9.62	9.85	0.36	4.25	22.69	14.25	393.12	4.52	1.176	0.0	0.00	4.827	32.301	33.840	116.10	11.90	-38.583	3.8959
EQU	0	13/12/11	20:47:42	20:47:47	-50.1190	1.2728	4.55	NaN	12815132.00	378.20	13507124.00	0.14	29.49	1007.25	1006.65	-0.37	2.95	87.37	43.00	-55.15	9.82	9.62	9.85	0.36	4.69	22.62	14.25	393.67	4.56	1.249	0.0	0.00	4.830	32.341	33.883	116.40	11.92	-38.583	3.9472
EQU	0	13/12/11	20:49:12	20:49:17	-50.1228	1.2690	4.59	NaN	12795039.00	376.08	13512099.00	0.14	29.49	1007.08	1007.02	-0.31	2.97	88.73	43.00	-55.11	9.82	9.62	9.85	0.36	4.75	22.62	14.25	393.91	4.59	1.218	0.0	0.00	4.852	32.369	33.894	116.60	11.93	-38.583	3.8793
EQU	0	13/12/11	20:50:42	20:50:47	-50.1266	1.2653	4.58	NaN	12841908.00	375.69	13521165.00	0.14	29.49	1007.02	1006.66	-0.23	2.97	90.33	43.00	-55.12	9.82	9.62	9.85	0.36	4.75	22.62	14.25	393.81	4.56	1.242	0.0	0.00	4.889	32.354	33.838	116.60	11.93	-38.583	3.7394
EQU	128	13/12/11	20:52:13	20:52:18	-50.1305	1.2617	4.48	NaN	12784805.00	375.59	13516752.00	0.14	29.47	1006.87	1006.48	-0.28	2.96	89.56	43.00	-55.12	9.82	9.62	9.85	0.36	4.81	22.62	14.25	394.36	4.45	1.181	0.0	0.00	0.000	0.000	0.000	0.00	0.00	0.000	3.7430
EQU	0	13/12/11	20:53:42	20:53:47	-50.1343	1.2580	4.43	NaN	12740636.00	377.43	13495956.00	0.14	29.47	1006.83	1006.85	-0.34	2.95	87.97	43.00	-55.13	9.82	9.62	9.85	0.36	4.87	22.62	14.25	393.54	4.43	1.218	0.0	0.00	4.812	32.247	33.792	116.70	11.96	-38.583	3.7213
EQU	0	13/12/11	20:55:12	20:55:17	-50.1381	1.2545	4.41	NaN	12802949.00	377.19	13511056.00	0.14	29.46	1006.75	1006.51	-0.25	2.94	88.84	43.00	-55.13	9.82	9.62	9.85	0.36	4.94	22.56	14.25	393.49	4.41	1.221	0.0	0.00	4.763	32.228	33.821	117.00	12.01	-38.583	3.7799
EQU	128	13/12/11	20:56:42	20:56:47	-50.1420	1.2508	4.45	NaN	12716379.00	376.79	13489740.00	0.14	29.45	1006.62	1006.53	-0.23	2.95	88.46	43.00	-55.12	9.82	9.62	9.85	0.36	4.69	22.56	14.15	393.85	4.44	1.215	0.0	0.00	4.744	32.251	33.867	117.20	12.03	-38.583	3.7700
EQU	0	13/12/11	20:58:12	20:58:17	-50.1458	1.2471	4.44	NaN	12778217.00	375.79	13492825.00	0.14	29.44	1006.58	1006.26	-0.45	2.96	87.97	43.00	-55.13	9.82	9.62	9.85	0.36	3.75	22.62	14.15	394.02	4.44	1.210	0.0	0.00	4.753	32.249	33.855	117.40	12.04	-38.583	3.7914
EQU	0	13/12/11	20:59:42	20:59:47	-50.1496	1.2435	4.45	NaN	12784845.00	375.92	13506412.00	0.14	29.43	1006.63	1006.35	-0.37	2.97	87.86	43.00	-55.13	9.82	9.62	9.85	0.36	4.62	22.62	14.15	393.43	4.46	1.143	0.0	0.00	4.760	32.268	33.870	117.50	12.05	-38.583	3.8080
EQU	0	13/12/11	21:01:12	21:01:17	-50.1534	1.2401	4.47	NaN	12756437.00	376.90	13517461.00	0.14	29.42	1006.44	1006.08	-0.31	2.95	87.92	43.00	-55.15	9.82	9.62	9.85	0.36	4.81	22.50	14.15	392.31	4.48	1.138	0.0	0.00	4.771	32.272	33.863	117.60	12.06	-38.583	3.8202
EQU	128	13/12/11	21:02:42	21:02:47	-50.1571	1.2365	4.48	NaN	12777862.00	377.33	13513171.00	0.14	29.41	1006.37	1006.04	-0.29	2.98	87.16	43.00	-55.14	9.82	9.62	9.85	0.36	4.81	22.56	14.15	393.17	4.48	1.147	0.0	0.00	4.784	32.276	33.854	117.60	12.06	-38.583	3.8301
EQU	0	13/12/11	21:04:12	21:04:17	-50.1609	1.2331	4.49	NaN	12817390.00	376.94	13507201.00	0.14	29.40	1006.29	1005.93	-0.39	2.97	88.30	43.00	-55.15	9.82	9.62	9.85	0.36	4.94	22.56	14.15	393.14	4.49	1.172	0.0	0.00	4.790	32.284	33.858	117.60	12.06	-38.583	3.7964
EQU	0	13/12/11	21:05:42	21:05:46	-50.1647	1.2297	4.48	NaN	12685666.00	376.46	13461357.00	0.14	29.39	1006.29	1006.41	-0.29	2.97	87.10	43.00	-55.14	9.82	9.62	9.85	0.36	4.81	22.44	14.15	392.71	4.48	1.200	0.0	0.00	4.798	32.272	33.836	117.60	12.06	-38.583	3.7826
EQU-DRAIN	0	13/12/11	21:07:12	21:07:16	-50.1683	1.2261	4.46	NaN	12787009.00	375.58	13518013.00	0.14	29.39	1006.15	1005.78	-0.31	2.95	88.35	43.00	-55.13	9.82	9.62	9.85	0.36	4.75	22.50	14.15	392.24	4.45	1.169	0.0	0.00	4.794	32.260	33.826	117.60	12.05	-38.583	3.8046
EQU	0	13/12/11	21:09:04	21:09:09	-50.1731	1.2219	4.47	NaN	12777745.00	372.10	13501851.00	0.14	29.37	1006.13	1006.17	-0.18	2.95	89.67	43.00	-55.12	9.82	9.62	9.85	0.36	4.81	22.44	14.04	391.69	4.47	0.992	0.0	0.00	4.775	32.267	33.854	117.30	12.03	-38.583	3.7982
EQU	128	13/12/11	21:10:32	21:10:37	-50.1768	1.2186	4.47	NaN	12825054.00	376.26	13499873.00	0.14	29.35	1006.20	1006.19	-0.32	2.95	88.84	43.00	-55.13	9.82	9.62	9.85	0.36	4.87	22.50	14.04	391.72	4.46	1.025	0.0	0.00	4.779	32.252	33.832	117.10	12.01	-38.583	3.7567
EQU	0	13/12/11	21:12:02	21:12:07	-50.1807	1.2151	4.44	NaN	12783215.00	377.35	13487196.00	0.14	29.35	1006.03	1005.76	-0.31	2.95	88.13	43.00	-55.14	9.82	9.62	9.85	0.36	4.94	22.50	14.04	391.96	4.44	1.067	0.0	0.00	4.769	32.228	33.813	116.90	11.99	-38.583	3.6721
EQU	0	13/12/11	21:13:32	21:13:37	-50.1844	1.2114	4.37	NaN	12746549.00	377.31	13480799.00	0.14	29.34	1006.01	1005.96	-0.32	2.96	88.24	43.00	-55.13	9.82	9.62	9.85	0.36	4.75	22.44	14.04	393.52	4.36	1.046	0.0	0.00	4.753	32.177	33.771	116.60	11.97	-38.583	3.5943
EQU	0	13/12/11	21:15:03	21:15:08	-50.1884	1.2078	4.31	NaN	12746138.00	377.84	13484424.00	0.14	29.33	1006.10	1005.89	-0.31	2.95	87.92	43.00	-55.14	9.82	9.62	9.85	0.36	4.69	22.44	14.04	392.35	4.29	0.986	0.0	0.00	4.723	32.121	33.736	116.40	11.97	-38.583	10.0000
EQU	128	13/12/11	21:16:32	21:16:37	-50.1922	1.2042	4.25	NaN	12810033.00	379.43	13511575.00	0.14	29.32	1006.01	1005.60	-0.28	2.94	89.89	43.00	-55.15	9.82	9.62	9.85	0.36	4.75	22.44	14.04	392.43	4.25	1.061	0.0	0.00	0.000	0.000	0.000	0.00	0.00	0.000	3.5070
EQU	0	13/12/11	21:18:02	21:18:07	-50.1961	1.2006	4.21	NaN	12761461.00	379.71	13500857.00	0.14	29.31	1005.81	1005.55	-0.33	2.97	87.92	43.00	-55.17	9.82	9.62	9.85	0.36	4.75	22.44	14.04	392.48	4.21	1.041	0.0	0.00	4.613	32.034	33.747	116.40	11.99	-38.583	3.4351
EQU	0	13/12/11	21:19:32	21:19:37	-50.1999	1.1971	4.15	NaN	12757121.00	379.59	13507780.00	0.14	29.30	1005.78	1005.67	-0.34	2.97	88.79	43.00	-55.17	9.82	9.62	9.85	0.36	4.81	22.44	13.94	393.03	4.15	1.037	0.0	0.00	4.579	31.979	33.718	116.70	12.03	-38.583	940.0000
EQU	0	13/12/11	21:21:01	21:21:06	-50.2037	1.1937	4.09	NaN	12806970.00	381.05	13530503.00	0.14	29.30	1005.81	1005.65	-0.18	2.95	89.78	43.00	-55.16	9.82	9.62	9.85	0.36	4.87	22.44	13.94	393.97	4.09	1.066	0.0	0.00	4.534	31.944	33.722	116.90	12.07	-38.583	3.4086
EQU	0	13/12/11	21:22:32	21:22:37	-50.2075	1.1901	4.08	NaN	12734480.00	381.64	13511280.00	0.14	29.28	1005.70	1005.68	-0.22	2.95	89.50	43.00	-55.14	9.82	9.62	9.85	0.36	3.87	22.44	13.94	393.07	4.10	1.076	0.0	0.00	4.489	31.935	33.758	117.20	12.11	-38.583	3.4113
EQU	0	13/12/11	21:24:01	21:24:06	-50.2114	1.1866	4.10	NaN	12787095.00	380.80	13483690.00	0.14	29.27	1005.56	1005.65	-0.34	2.96	86.78	43.00	-55.13	9.82	9.62	9.85	0.36	4.19	22.37	13.94	393.16	4.10	0.988	0.0	0.00	4.465	31.936	33.784	117.40	12.14	-38.583	3.2273
EQU	0	13/12/11	21:25:32	21:25:37	-50.2153	1.1830	3.99	NaN	12766629.00	381.78	13520148.00	0.14	29.26	1005.56	1005.44	-0.33	2.95	87.59	43.00	-55.14	9.82	9.62	9.85	0.36	4.62	22.37	13.94	393.99	3.96	1.050	0.0	0.00	4.463	31.840	33.673	116.90	12.10	-38.583	3.1750
EQU	128	13/12/11	21:27:02	21:27:07	-50.2191	1.1793	3.86	NaN	12795482.00	383.77	13498442.00	0.14	29.24	1005.65	1005.34	-0.25	2.94	89.23	43.00	-55.12	9.82	9.62	9.85	0.36	4.69	22.37	13.94	395.33	3.89	1.063	0.0	0.00	4.402	31.769	33.653	116.50	12.07	-38.583	3.1754
EQU	0	13/12/11	21:28:32	21:28:37	-50.2229	1.1757	3.87	NaN	12803894.00	383.99	13521573.00	0.14	29.23	1005.58	1005.01	-0.40	2.96	87.37	43.00	-55.14	9.82	9.62	9.85	0.36	4.75	22.31	13.94	395.15	3.88	1.096	0.0	0.00	4.338	31.746	33.692	116.70	12.11	-38.583	3.1114
EQU	0	13/12/11	21:30:02	21:30:07	-50.2267	1.1718	3.84	NaN	12709087.00	383.30	13466932.00	0.14	29.22	1005.46	1005.50	-0.27	2.95	88.73	43.00	-55.15	9.82	9.62	9.85	0.36	4.75	22.25	13.94	396.09	3.83	1.062	0.0	0.00	4.288	31.728	33.721	116.90	12.15	-38.583	3.0741
EQU	0	13/12/11	21:31:32	21:31:37	-50.2304	1.1684	3.79	NaN	12690261.00	384.51	13476349.00	0.14	29.20	1005.38	1005.25	-0.29	2.95	88.30	43.00	-55.15	9.82	9.62	9.85	0.36	4.75	22.31	13.94	397.80	3.79	1.038	0.0	0.00	4.271	31.689	33.692	116.80	12.14	-38.583	3.0132
EQU	128	13/12/11	21:33:03	21:33:08	-50.2342	1.1648	3.74	NaN	12680293.00	385.54	13450775.00	0.14	29.19	1005.24	1004.68	-0.32	2.94	87.43	43.00	-55.14	9.82	9.62	9.85	0.36	4.87	22.37	13.84	397.19	3.74	0.965	0.0	0.00	4.205	31.649	33.714	116.90	12.17	-38.583	3.1076
EQU	0	13/12/11	21:34:31	21:34:36	-50.2378	1.1612	3.74	NaN	12783111.00	387.51	13505820.00	0.14	29.18	1005.25	1005.02	-0.36	2.94	88.46	43.00	-55.15	9.82	9.62	9.85	0.36	4.94	22.31	13.84	397.48	3.78	0.937	0.0	0.00	4.173	31.668	33.769	116.90	12.17	-38.583	58.0000
EQU	0	13/12/11	21:36:02	21:36:07	-50.2417	1.1571	3.84	NaN	12741903.00	388.15	13501151.00	0.14	29.17	1005.18	1004.89	-0.40	2.95	87.86	43.00	-55.18	9.82	9.62	9.85	0.36	3.81	22.31	13.84	395.94	3.86	0.996	0.0	0.00	4.148	31.738	33.876	117.10	12.19	-38.583	3.1775
EQU-DRAIN	128	13/12/11	21:37:31	21:37:36	-50.2454	1.1534	3.87	NaN	12844585.00	385.77	13539657.00	0.14	29.15	1005.05	1004.45	-0.28	2.95	88.46	43.00	-55.18	9.82	9.62	9.85	0.36	4.37	22.31	13.84	396.65	3.87	1.023	0.0	0.00	4.191	31.728	33.820	117.10	12.18	-38.583	3.1220
EQU	0	13/12/11	21:39:23	21:39:28	-50.2501	1.1486	3.81	NaN	12763375.00	381.66	13521259.00	0.14	29.14	1005.17	1004.91	-0.37	2.94	88.08	43.00	-55.19	9.82	9.62	9.85	0.36	4.75	22.31	13.84	395.65	3.80	1.015	0.0	0.00	4.224	31.685	33.736	116.80	12.15	-38.583	3.0161
EQU	0	13/12/11	21:40:52	21:40:57	-50.2538	1.1449	3.74	NaN	12740992.00	385.41	13505830.00	0.14	29.13	1005.02	1004.85	-0.28	2.94	88.95	43.00	-55.17	9.82	9.62	9.85	0.36	4.81	22.31	13.84	396.33	3.72	0.943	0.0	0.00	4.224	31.611	33.649	116.10	12.08	-38.583	2.9411
EQU	0	13/12/11	21:42:23	21:42:28	-50.2575	1.1411	3.65	NaN	12825673.00	388.27	13531238.00	0.14	29.12	1004.92	1004.64	-0.22	2.93	89.78	43.00	-55.15	9.82	9.62	9.85	0.36	4.87	22.31	13.84	395.91	3.66	0.862	0.0	0.00	4.146	31.535	33.638	115.70	12.07	-38.583	2.8528
EQU	0	13/12/11	21:43:52	21:43:56	-50.2612	1.1374	3.59	NaN	12810499.00	391.66	13516297.00	0.14	29.11	1004.88	1004.29	-0.29	2.95	88.19	43.00	-55.14	9.82	9.62	9.85	0.36	4.87	22.31	13.84	399.34	3.59	0.794	0.0	0.00	3.998	31.483	33.729	115.80	12.12	-38.583	2.8155
EQU	0	13/12/11	21:45:22	21:45:26	-50.2649	1.1335	3.53	NaN	12803527.00	394.05	13543282.00	0.14	29.10	1004.92	1004.60	-0.55	2.94	87.16	43.00	-55.15	9.82	9.62	9.85	0.36	3.81	22.25	13.74	397.08	3.53	0.814	0.0	0.00	3.920	31.447	33.768	116.00	12.16	-38.583	2.8123
EQU	128	13/12/11	21:46:52	21:46:57	-50.2687	1.1296	3.52	NaN	12736935.00	394.57	13499779.00	0.14	29.10	1004.67	1004.39	-0.35	2.93	88.30	43.00	-55.17	9.82	9.62	9.85	0.36	4.12	22.25	13.74	397.83	3.53	0.759	0.0	0.00	3.902	31.450	33.789	116.20	12.18	-38.583	2.7947
EQU	0	13/12/11	21:48:22	21:48:27	-50.2724	1.1260	3.51	NaN	12762288.00	396.37	13523871.00	0.14	29.09	1004.64	1004.27	-0.25	2.94	89.39	43.00	-55.16	9.82	9.62	9.85	0.36	4.62	22.25	13.74	398.03	3.52	0.689	0.0	0.00	3.893	31.440	33.788	116.50	12.22	-38.583	2.8271
EQU	0	13/12/11	21:49:51	21:49:56	-50.2760	1.1222	3.51	NaN	12774669.00	398.30	13516532.00	0.14	29.08	1004.51	1004.22	-0.36	2.93	87.81	43.00	-55.16	9.82	9.62	9.85	0.36	4.69	22.25	13.74	399.74	3.53	0.647	0.0	0.00	3.877	31.442	33.805	117.00	12.26	-38.583	2.8739
EQU	0	13/12/11	21:51:22	21:51:27	-50.2797	1.1185	3.55	NaN	12790275.00	399.67	13539153.00	0.14	29.08	1004.36	1004.06	-0.31	2.92	87.26	43.00	-55.15	9.82	9.62	9.85	0.36	4.75	22.19	13.74	399.76	3.57	0.638	0.0	0.00	3.889	31.529	33.898	117.20	12.28	-38.583	2.9466
EQU	0	13/12/11	21:52:51	21:52:56	-50.2834	1.1148	3.60	NaN	12790286.00	400.02	13552179.00	0.14	29.08	1004.32	1004.00	-0.35	2.94	87.59	43.00	-55.15	9.82	9.62	9.85	0.36	4.75	22.31	13.74	398.65	3.62	0.655	0.0	0.00	3.908	31.560	33.915	117.10	12.26	-38.583	2.9975
EQU	0	13/12/11	21:54:22	21:54:27	-50.2871	1.1111	3.64	NaN	12720052.00	401.23	13481455.00	0.15	29.07	1004.42	1004.46	-0.41	2.92	87.92	43.00	-55.13	9.82	9.62	9.85	0.36	4.69	22.37	13.74	397.59	3.70	0.671	0.0	0.00	3.937	31.587	33.916	117.50	12.30	-38.583	2.9994
EQU	0	13/12/11	21:55:51	21:55:56	-50.2906	1.1073	3.67	NaN	12752979.00	404.05	13507450.00	0.14	29.07	1004.28	1004.14	-0.93	2.93	86.45	43.00	-55.18	9.82	9.62	9.85	0.36	4.75	22.31	13.74	397.91	3.71	0.695	0.0	0.00	3.956	31.609	33.923	117.90	12.33	-38.583	3.0691
EQU	0	13/12/11	21:57:22	21:57:27	-50.2944	1.1032	3.71	NaN	12728353.00	404.66	13514299.00	0.15	29.06	1004.14	1003.23	-0.29	2.93	89.56	43.00	-55.17	9.82	9.62	9.85	0.36	4.75	22.25	13.64	396.93	3.76	0.734	0.0	0.00	3.999	31.646	33.921	118.10	12.34	-38.583	3.1309
EQU	0	13/12/11	21:58:52	21:58:57	-50.2979	1.0995	3.78	NaN	12805510.00	405.22	13550964.00	0.14	29.06	1004.11	1003.71	-0.25	2.92	87.48	43.00	-55.17	9.82	9.62	9.85	0.37	4.75	22.37	13.64	396.87	3.82	0.799	0.0	0.00	4.070	31.703	33.916	118.10	12.32	-38.583	3.1437
EQU	0	13/12/11	22:00:21	22:00:26	-50.3015	1.0958	3.81	NaN	12773477.00	405.18	13534137.00	0.15	29.06	1004.16	1003.62	-0.35	2.94	87.43	43.00	-55.15	9.82	9.62	9.85	0.36	4.81	22.37	13.64	401.23	3.84	0.818	0.0	0.00	4.096	31.721	33.911	118.30	12.33	-38.583	3.2305
EQU	0	13/12/11	22:01:51	22:01:56	-50.3052	1.0918	3.87	NaN	12799615.00	403.95	13546573.00	0.14	29.05	1004.01	1003.79	-0.24	2.92	88.35	43.00	-55.16	9.82	9.62	9.85	0.36	4.87	22.31	13.64	398.45	3.91	0.889	0.0	0.00	4.125	31.781	33.952	118.60	12.35	-38.583	3.2632
EQU	0	13/12/11	22:03:23	22:03:28	-50.3091	1.0877	3.91	NaN	12712679.00	402.18	13514619.00	0.15	29.05	1003.97	1003.86	-0.28	2.94	89.78	43.00	-55.15	9.82	9.62	9.85	0.36	3.87	22.31	13.64	397.52	3.95	0.962	0.0	0.00	4.215	31.816	33.900	118.50	12.32	-38.583	3.2466
EQU	0	13/12/11	22:04:52	22:04:56	-50.3128	1.0839	3.92	NaN	12685830.00	400.11	13478952.00	0.15	29.04	1003.89	1003.83	-0.29	2.93	88.73	43.00	-55.15	9.82	9.62	9.85	0.36	4.25	22.25	13.64	397.63	3.95	1.021	0.0	0.00	4.211	31.812	33.899	118.60	12.33	-38.583	3.2434
EQU	0	13/12/11	22:06:22	22:06:27	-50.3165	1.0800	3.91	NaN	12748501.00	397.92	13522872.00	0.15	29.04	1004.01	1003.56	-0.27	2.92	88.90	43.00	-55.16	9.82	9.62	9.85	0.36	4.69	22.25	13.64	399.00	3.95	1.118	0.0	0.00	4.253	31.803	33.845	119.20	12.38	-38.583	3.2621
EQU-DRAIN	0	13/12/11	22:07:52	22:07:57	-50.3201	1.0759	3.92	NaN	12767590.00	395.73	13515411.00	0.15	29.03	1003.88	1003.30	-0.29	2.92	89.39	43.00	-55.16	9.82	9.62	9.85	0.36	4.69	22.19	13.64	399.83	3.97	1.151	0.0	0.00	4.260	31.820	33.859	119.70	12.43	-38.583	3.2471
EQU	0	13/12/11	22:09:43	22:09:48	-50.3246	1.0709	3.92	NaN	12737804.00	387.35	13505179.00	0.15	29.01	1003.59	1003.65	-0.21	2.92	86.72	43.00	-55.17	9.82	9.62	9.85	0.36	4.81	22.19	13.64	400.01	3.96	1.203	0.0	0.00	4.242	31.825	33.883	120.20	12.48	-38.583	3.2695
EQU	0	13/12/11	22:11:12	22:11:17	-50.3282	1.0669	3.93	NaN	12811766.00	389.48	13542109.00	0.14	29.00	1003.73	1003.36	-0.42	2.92	87.21	43.00	-55.16	9.82	9.62	9.85	0.36	4.94	22.12	13.53	399.64	3.97	1.207	0.0	0.00	4.244	31.833	33.890	120.40	12.51	-38.583	3.2552
EQU	0	13/12/11	22:12:41	22:12:46	-50.3319	1.0629	3.93	NaN	12729991.00	388.49	13505850.00	0.15	28.99	1003.67	1003.78	-0.34	2.93	88.13	43.00	-55.17	9.82	9.62	9.85	0.36	3.81	22.12	13.53	400.25	3.97	1.230	0.0	0.00	4.287	31.821	33.832	120.40	12.50	-38.583	3.2582
EQU	0	13/12/11	22:14:12	22:14:17	-50.3358	1.0588	3.93	NaN	12809395.00	387.26	13545624.00	0.14	28.99	1003.50	1003.17	-0.22	2.94	88.57	43.00	-55.19	9.82	9.62	9.85	0.36	4.19	22.06	13.53	400.06	3.96	1.232	0.0	0.00	4.277	31.817	33.837	120.40	12.50	-38.583	3.2467
EQU	0	13/12/11	22:15:41	22:15:46	-50.3394	1.0545	3.92	NaN	12845158.00	386.38	13547258.00	0.14	28.98	1003.39	1002.90	-0.28	2.91	90.17	43.00	-55.21	9.82	9.62	9.85	0.36	4.62	22.00	13.53	399.51	3.95	1.224	0.0	0.00	4.281	31.809	33.824	120.10	12.47	-38.583	3.2679
EQU	128	13/12/11	22:17:12	22:17:17	-50.3432	1.0503	3.93	NaN	12809685.00	386.20	13531055.00	0.14	28.97	1003.44	1003.23	-0.31	2.94	86.72	43.00	-55.20	9.82	9.62	9.85	0.36	4.69	22.06	13.53	399.23	3.97	1.220	0.0	0.00	4.271	31.820	33.848	120.10	12.47	-38.583	3.2760
EQU	0	13/12/11	22:18:42	22:18:47	-50.3469	1.0463	3.94	NaN	12742546.00	387.13	13499474.00	0.14	28.96	1003.50	0.00	-0.28	2.92	87.16	43.00	-55.22	9.82	9.62	9.85	0.36	4.69	22.06	13.53	398.85	3.97	1.229	0.0	0.00	4.306	31.833	33.826	120.00	12.45	-38.583	3.2946
EQU	0	13/12/11	22:20:13	22:20:18	-50.3506	1.0424	3.95	NaN	12825039.00	386.97	13519959.00	0.14	28.95	1003.41	1002.58	-0.22	2.92	89.01	43.00	-55.18	9.82	9.62	9.85	0.36	4.75	22.06	13.53	398.40	4.00	1.230	0.0	0.00	4.330	31.840	33.810	119.80	12.43	-38.583	3.2950
EQU	0	13/12/11	22:21:42	22:21:47	-50.3542	1.0385	3.96	NaN	12835942.00	386.38	13514459.00	0.14	28.94	1003.26	1002.62	-0.42	2.92	86.88	43.00	-55.17	9.82	9.62	9.85	0.36	4.69	22.00	13.53	399.46	4.01	1.218	0.0	0.00	4.332	31.841	33.808	119.90	12.43	-38.583	3.2753
EQU	128	13/12/11	22:23:13	22:23:18	-50.3578	1.0343	3.95	NaN	12760355.00	385.81	13475167.00	0.14	28.92	1003.24	1002.92	-0.34	2.92	87.10	43.00	-55.15	9.82	9.62	9.85	0.36	4.69	22.00	13.53	399.77	3.99	1.226	0.0	0.00	4.298	31.831	33.832	120.10	12.47	-38.583	3.2724
EQU	0	13/12/11	22:24:42	22:24:47	-50.3614	1.0302	3.94	NaN	12775973.00	385.21	13507911.00	0.14	28.91	1003.23	1002.88	-0.31	2.93	89.23	43.00	-55.19	9.82	9.62	9.85	0.36	4.75	22.06	13.43	399.68	3.97	1.251	0.0	0.00	4.265	31.834	33.869	120.30	12.49	-38.583	3.2651
EQU	0	13/12/11	22:26:12	22:26:17	-50.3651	1.0260	3.94	NaN	12805353.00	384.99	13528310.00	0.14	28.90	1003.29	1002.67	-0.30	2.93	89.01	43.00	-55.20	9.82	9.62	9.85	0.36	4.81	22.00	13.43	399.47	3.97	1.224	0.0	0.00	4.262	31.827	33.865	120.30	12.49	-38.583	3.2195
EQU	0	13/12/11	22:27:41	22:27:46	-50.3688	1.0220	3.91	NaN	12747510.00	385.38	13503394.00	0.14	28.89	1003.03	1002.70	-0.34	2.93	86.29	43.00	-55.18	9.82	9.62	9.85	0.36	4.81	22.00	13.43	399.88	3.94	1.213	0.0	0.00	4.234	31.795	33.857	120.40	12.51	-38.583	3.1873
EQU	0	13/12/11	22:29:11	22:29:16	-50.3724	1.0179	3.87	NaN	12715817.00	385.66	13446826.00	0.14	28.88	1002.88	1002.79	-0.25	2.93	88.35	43.00	-55.16	9.82	9.62	9.85	0.36	4.87	21.94	13.43	399.08	3.90	1.205	0.0	0.00	4.247	31.795	33.842	120.00	12.47	-38.583	3.1435
EQU	0	13/12/11	22:30:42	22:30:46	-50.3759	1.0139	3.84	NaN	12854111.00	385.41	13555444.00	0.14	28.85	1002.97	1002.36	-0.18	2.91	89.56	43.00	-55.16	9.82	9.62	9.85	0.36	3.81	21.94	13.43	400.06	3.87	1.212	0.0	0.00	4.196	31.770	33.866	119.70	12.45	-38.583	3.1573
EQU	0	13/12/11	22:32:11	22:32:16	-50.3795	1.0100	3.82	NaN	12822571.00	385.61	13524102.00	0.14	28.84	1002.82	1002.46	-0.32	2.92	88.46	43.00	-55.17	9.82	9.62	9.85	0.36	4.12	21.94	13.43	401.91	3.86	1.182	0.0	0.00	4.169	31.764	33.887	119.50	12.43	-38.583	3.1789
EQU	128	13/12/11	22:33:42	22:33:47	-50.3832	1.0059	3.84	NaN	12748607.00	385.64	13479640.00	0.15	28.83	1002.58	1002.50	-0.27	2.93	88.68	43.00	-55.18	9.82	9.62	9.85	0.36	4.69	21.94	13.43	399.66	3.88	1.185	0.0	0.00	0.000	0.000	0.000	0.00	0.00	0.000	3.1673
EQU	0	13/12/11	22:35:12	22:35:16	-50.3868	1.0020	3.83	NaN	12720091.00	385.71	13474257.00	0.14	28.81	1002.61	1002.53	-0.34	2.92	88.63	43.00	-55.20	9.82	9.62	9.85	0.36	4.69	21.94	13.43	399.76	3.87	1.228	0.0	0.00	4.158	31.758	33.890	119.30	12.42	-38.583	3.1986
EQU	0	13/12/11	22:36:42	22:36:46	-50.3904	0.9980	3.84	NaN	12770800.00	384.91	13505755.00	0.14	28.80	1002.41	1002.36	-0.31	2.92	89.01	43.00	-55.19	9.82	9.62	9.85	0.36	4.69	21.94	13.43	400.36	3.89	1.207	0.0	0.00	4.162	31.773	33.904	119.20	12.41	-38.583	3.2401
EQU-DRAIN	0	13/12/11	22:38:12	22:38:16	-50.3941	0.9940	3.90	NaN	12798090.00	384.64	13519716.00	0.14	28.79	1002.41	1001.54	-0.21	2.92	88.79	43.00	-55.20	9.82	9.62	9.85	0.36	4.75	21.94	13.43	400.56	3.93	1.216	0.0	0.00	4.171	31.810	33.939	119.60	12.44	-38.583	3.2284
EQU	0	13/12/11	22:40:03	22:40:08	-50.3989	0.9898	3.90	NaN	12712309.00	380.57	13491174.00	0.15	28.78	1002.30	1002.19	-0.12	2.91	89.39	43.00	-55.17	9.82	9.62	9.85	0.36	4.75	21.94	13.43	400.57	3.94	1.207	0.0	0.00	4.241	31.803	33.858	119.50	12.42	-38.583	3.2226
FILTER	0	13/12/11	22:40:20	22:40:25	-50.3997	0.9891
STD1	0	13/12/11	22:45:05	22:45:10	-50.4119	0.9779	3.84	0.00	13505554.00	-0.08	13527950.00	-0.32	28.74	1002.07	1001.97	-0.11	2.95	195.35	43.00	-55.12	9.82	9.62	9.85	0.36	4.75	21.94	13.33	401.30	3.87	1.142	0.0	0.00	4.251	31.711	33.739	118.30	12.30	-38.583	3.1293
STD2	0	13/12/11	22:49:39	22:49:43	-50.4239	0.9669	3.77	357.83	12797045.00	357.56	13558303.00	-0.30	28.70	1001.87	1001.90	-0.19	2.92	53.31	43.00	-55.15	9.82	9.62	9.85	0.36	4.81	22.00	13.33	398.19	3.80	0.820	0.0	0.00	4.167	31.660	33.765	117.90	12.28	-38.583	3.0720
STD3	0	13/12/11	22:54:08	22:54:13	-50.4354	0.9561	3.78	377.50	12727103.00	377.43	13536550.00	-0.30	28.70	1001.53	1001.22	-0.34	2.94	62.67	43.00	-55.14	9.82	9.62	9.85	0.36	4.94	22.06	13.33	0.00	0.00	0.776	0.0	0.00	4.152	31.651	33.771	117.40	12.23	-38.583	3.1172
STD4	128	13/12/11	22:58:42	22:58:47	-50.4471	0.9454	3.78	427.83	12688229.00	428.10	13537070.00	-0.29	28.78	1001.27	1001.30	-0.17	2.93	52.16	43.00	-55.16	9.82	9.62	9.85	0.36	4.69	22.25	13.23	399.60	3.82	0.919	0.0	0.00	4.097	31.651	33.827	117.30	12.23	-38.583	3.0929
STD1z	0	13/12/11	23:03:12	23:03:17	-50.4587	0.9350	3.76	0.00	13545795.00	-0.15	13517974.00	-0.33	28.80	1001.17	1001.36	-0.20	2.94	195.15	43.00	-55.14	9.82	9.62	9.85	0.36	4.87	22.06	13.23	403.91	3.80	1.016	0.0	0.00	4.097	31.651	33.827	117.30	12.23	-38.583	3.0235
STD4s	128	13/12/11	23:07:43	23:07:48	-50.4709	0.9254	3.65	0.00	12693302.00	427.94	13542557.00	-0.31	28.78	1000.93	1000.63	-0.25	2.94	52.45	43.00	-55.19	9.82	9.62	9.85	0.36	4.94	21.94	13.23	401.73	3.70	0.908	0.0	0.00	4.047	31.569	33.781	117.10	12.23	-38.583	2.9420
STD1-DRAIN	0	13/12/11	23:12:08	23:12:13	-50.4826	0.9156	3.61	0.00	13494663.00	0.04	13500704.00	-0.33	28.76	1000.81	1000.26	-0.16	2.94	194.86	43.00	-55.16	9.82	9.62	9.85	0.36	4.81	21.87	13.23	402.58	3.66	0.748	0.0	0.00	3.968	31.523	33.808	117.00	12.24	-38.583	2.8943
STD2	128	13/12/11	23:17:00	23:17:05	-50.4955	0.9051	3.61	357.83	12794831.00	357.69	13542105.00	-0.32	28.73	1000.62	1000.67	-0.77	2.93	53.44	43.00	-55.23	9.82	9.62	9.85	0.36	4.69	21.87	13.23	402.87	3.65	0.727	0.0	0.00	3.938	31.507	33.820	117.10	12.26	-38.583	2.8990
STD3	128	13/12/11	23:21:28	23:21:33	-50.5074	0.8951	3.56	377.50	12719665.00	377.51	13507624.00	-0.31	28.69	1000.42	1000.27	-0.25	2.94	62.76	43.00	-55.15	9.82	9.62	9.85	0.36	4.69	21.75	13.13	406.00	3.61	0.736	0.0	0.00	3.930	31.465	33.779	116.90	12.25	-38.583	2.9106
STD4	0	13/12/11	23:25:58	23:26:03	-50.5193	0.8851	3.58	427.83	12737592.00	428.13	13544524.00	-0.31	28.65	1000.15	999.98	-0.25	2.93	52.16	43.00	-55.17	9.82	9.62	9.85	0.36	4.81	21.81	13.13	402.39	3.62	0.717	0.0	0.00	3.921	31.513	33.846	116.70	12.22	-38.583	2.8863
ATM	0	13/12/11	23:30:29	23:30:34	-50.5311	0.8751	3.56	NaN	12817432.00	387.98	13494755.00	0.67	28.61	1000.04	999.81	-0.25	2.93	97.20	43.00	-55.16	9.82	9.63	9.85	0.36	4.87	21.75	13.03	401.89	3.61	0.745	0.0	0.00	3.907	31.486	33.827	116.70	12.22	-38.583	2.8925
ATM	0	13/12/11	23:31:58	23:32:03	-50.5350	0.8718	3.57	NaN	12743021.00	388.06	13449708.00	0.68	28.59	1000.09	999.50	-0.13	2.92	97.49	43.00	-55.16	9.82	9.62	9.85	0.36	4.87	21.75	13.03	401.19	3.61	0.741	0.0	0.00	3.902	31.498	33.846	116.60	12.22	-38.583	2.9011
ATM	0	13/12/11	23:33:28	23:33:33	-50.5390	0.8684	3.57	NaN	12760839.00	388.17	13480213.00	0.68	28.57	999.86	999.66	-0.13	2.92	97.14	43.00	-55.16	9.82	9.62	9.85	0.36	4.94	21.69	13.03	400.75	3.61	0.733	0.0	0.00	3.907	31.497	33.841	116.40	12.19	-38.583	2.9171
ATM	0	13/12/11	23:34:58	23:35:03	-50.5430	0.8651	3.58	NaN	12767069.00	388.52	13480232.00	0.67	28.56	999.95	999.49	-0.14	2.92	97.02	43.00	-55.17	9.82	9.63	9.85	0.36	4.94	21.69	13.03	400.89	3.63	0.729	0.0	0.00	3.919	31.509	33.843	116.00	12.15	-38.583	2.9089
ATM	0	13/12/11	23:36:28	23:36:33	-50.5471	0.8619	3.58	NaN	12755890.00	388.32	13475353.00	0.66	28.55	999.78	999.13	-0.17	2.90	97.08	43.00	-55.18	9.82	9.62	9.85	0.36	4.81	21.75	13.03	400.34	3.62	0.720	0.0	0.00	3.921	31.522	33.856	115.80	12.12	-38.583	2.9199
ATM	128	13/12/11	23:37:58	23:38:03	-50.5507	0.8588	3.59	NaN	12795642.00	388.10	13495551.00	0.66	28.53	999.83	999.89	-0.07	2.91	97.61	43.00	-55.20	9.82	9.63	9.85	0.36	4.87	21.69	13.03	400.80	3.62	0.715	0.0	0.00	3.936	31.521	33.839	115.50	12.10	-38.583	2.9198
ATM	0	13/12/11	23:39:28	23:39:33	-50.5545	0.8556	3.59	NaN	12806160.00	388.29	13479236.00	0.65	28.51	999.94	999.67	-0.65	2.93	97.26	43.00	-55.24	9.82	9.63	9.85	0.36	4.81	21.69	13.03	400.82	3.63	0.710	0.0	0.00	3.943	31.526	33.837	115.40	12.08	-38.583	2.9333
ATM-DRAIN	0	13/12/11	23:40:58	23:41:03	-50.5584	0.8525	3.60	NaN	12778411.00	388.27	13493947.00	0.65	28.49	999.79	999.58	-0.19	2.92	97.43	43.00	-55.24	9.82	9.62	9.85	0.36	4.87	21.62	13.03	400.06	3.63	0.712	0.0	0.00	3.937	31.520	33.838	115.40	12.08	-38.583	2.9315
ATM	0	13/12/11	23:42:49	23:42:54	-50.5631	0.8485	3.60	NaN	12877052.00	388.10	13491579.00	0.65	28.46	999.78	999.58	-0.24	2.92	97.14	43.00	-55.21	9.82	9.62	9.85	0.36	4.69	21.62	13.03	399.84	3.64	0.724	0.0	0.00	3.977	31.522	33.797	115.40	12.07	-38.583	2.9135
ATM	0	13/12/11	23:44:18	23:44:23	-50.5670	0.8452	3.59	NaN	12759961.00	388.21	13444995.00	0.65	28.45	999.59	999.48	-0.21	2.93	97.78	43.00	-55.18	9.82	9.62	9.85	0.36	4.69	21.62	13.03	401.20	3.62	0.731	0.0	0.00	3.967	31.515	33.799	115.60	12.10	-38.583	2.9287
EQU	0	13/12/11	23:49:14	23:49:19	-50.5799	0.8342	3.62	NaN	12770009.00	406.42	13520080.00	0.20	28.43	999.52	999.08	-0.32	2.92	83.58	43.00	-55.23	9.82	9.62	9.85	0.36	4.75	21.69	12.92	0.00	0.00	0.732	0.0	0.00	3.932	31.525	33.848	116.10	12.16	-38.583	2.9552
EQU	0	13/12/11	23:50:41	23:50:46	-50.5838	0.8310	3.62	NaN	12772692.00	401.64	13513939.00	0.21	28.42	999.56	999.10	-0.19	2.91	83.00	43.00	-55.24	9.82	9.62	9.85	0.36	4.75	21.62	12.92	400.52	3.66	0.737	0.0	0.00	3.944	31.534	33.845	116.50	12.19	-38.583	2.9579
EQU	128	13/12/11	23:52:11	23:52:16	-50.5879	0.8277	3.62	NaN	12867772.00	399.67	13535260.00	0.20	28.41	999.36	998.93	-0.44	2.91	82.79	43.00	-55.24	9.82	9.63	9.85	0.36	4.75	21.62	12.92	400.28	3.65	0.731	0.0	0.00	3.952	31.517	33.818	116.70	12.22	-38.583	2.9588
EQU	0	13/12/11	23:53:41	23:53:46	-50.5918	0.8242	3.63	NaN	12745776.00	399.37	13538106.00	0.19	28.40	999.35	998.95	-0.43	2.93	82.21	43.00	-55.25	9.82	9.63	9.85	0.36	4.81	21.62	12.92	399.96	3.67	0.735	0.0	0.00	3.966	31.522	33.809	117.00	12.24	-38.583	2.9446
EQU	0	13/12/11	23:55:11	23:55:16	-50.5956	0.8205	3.62	NaN	12827988.00	399.21	13519284.00	0.19	28.39	999.25	998.91	-0.28	2.92	82.37	43.00	-55.23	9.82	9.62	9.85	0.36	4.87	21.56	12.92	401.06	3.66	0.738	0.0	0.00	3.978	31.505	33.776	117.10	12.25	-38.583	2.9319
EQU	0	13/12/11	23:56:42	23:56:46	-50.5995	0.8168	3.61	NaN	12739423.00	400.24	13520339.00	0.19	28.37	999.20	999.00	-0.35	2.93	83.68	43.00	-55.22	9.82	9.63	9.85	0.36	4.94	21.62	12.92	400.65	3.64	0.736	0.0	0.00	3.968	31.501	33.782	117.10	12.26	-38.583	2.9201
EQU	128	13/12/11	23:58:11	23:58:16	-50.6035	0.8131	3.00	NaN	12775217.00	403.70	13540285.00	0.18	28.36	998.91	998.43	-0.36	2.91	81.64	43.00	-55.22	9.82	9.63	9.85	0.36	3.75	21.75	12.92	400.96	3.61	0.751	0.0	0.00	3.965	31.505	33.791	116.70	12.21	-38.583	2.9259
EQU	0	13/12/11	23:59:41	23:59:46	-50.6073	0.8096	3.59	NaN	12696052.00	405.02	13471688.00	0.18	28.35	998.99	999.00	-0.25	2.91	83.10	43.00	-55.22	9.82	9.63	9.85	0.36	4.12	21.62	12.92	401.95	3.60	0.751	0.0	0.00	3.959	31.508	33.799	116.60	12.21	-38.583	2.9352
EQU	0	14/12/11	00:01:11	00:01:16	-50.6112	0.8061	3.60	NaN	12720972.00	404.74	13498531.00	0.18	28.35	999.08	998.91	-0.29	2.92	83.31	43.00	-55.24	9.82	9.63	9.85	0.36	4.69	21.62	12.92	401.67	3.61	0.753	0.0	0.00	3.950	31.516	33.819	116.80	12.22	-38.583	2.9145
