Type	error	Date	PC Time	 gps time	 latitude	 longitude	 equ temp	std val	 CO2 mv	 CO2 um/m	 H2O mv	 H2O mm/m	 licor temp	 licor press	 atm press	 equ press	 H2O flow	 licor flow	 equ pump	 vent flow	 atm cond	 equ cond	 drip 1	 drip 2	 cond temp	 dry box temp	 deck box temp	O2 um/l	O2 temp	Ch conc	Ch temp	Press	Temp	Cond	Sal	O2%	O2ppm	Temp2	TempIntake
STD1z	0	16/12/11	15:04:55	15:04:57	-60.5584	-0.0757	-0.93	0.00	13535345.00	-0.26	13540344.00	-0.31	27.36	965.95	965.63	-0.27	3.36	191.13	43.00	-55.26	9.82	9.64	9.85	0.37	4.81	21.19	8.75	396.87	-0.92	0.269	0.0	0.00	6.683	30.210	29.742	119.80	12.06	-38.583	-1.7780
STD4s	128	16/12/11	15:09:25	15:09:28	-60.5663	-0.0643	-1.00	0.00	12739311.00	427.28	13537198.00	-0.30	27.42	965.91	965.54	-0.16	3.35	50.77	43.00	-55.26	9.83	9.64	9.85	0.37	4.81	21.12	8.86	397.89	-0.95	0.366	0.0	0.00	4.484	29.447	30.867	124.20	13.09	-38.583	-1.7733
STD1	128	16/12/11	15:13:51	15:13:53	-60.5737	-0.0609	-1.03	0.00	13532192.00	-0.09	13545275.00	-0.33	27.47	965.94	965.46	-0.01	3.38	190.94	43.00	-55.21	9.82	9.64	9.85	0.37	4.69	21.19	8.96	397.37	-0.95	0.293	0.0	0.00	3.730	29.258	31.361	122.10	13.06	-38.583	-1.7264
STD2	0	16/12/11	15:18:21	15:18:24	-60.5821	-0.0661	-1.02	357.83	12845028.00	357.40	13529823.00	-0.31	27.52	965.94	965.41	-0.10	3.40	52.16	43.00	-55.25	9.82	9.64	9.85	0.37	4.69	21.25	8.96	396.00	-0.93	0.2	0.0	0.00	3.317	29.132	31.611	120.00	12.95	-38.583	-1.7189
STD3	0	16/12/11	15:22:51	15:22:53	-60.5888	-0.0683	-1.06	377.50	12811888.00	377.38	13552091.00	-0.31	27.59	965.89	965.46	-0.03	3.39	60.58	43.00	-55.23	9.82	9.64	9.85	0.37	4.69	21.37	8.96	412.05	-0.96	0.343	0.0	0.00	3.043	29.019	31.744	118.70	12.89	-38.583	-1.7707
STD4	0	16/12/11	15:27:21	15:27:23	-60.5959	-0.0710	-1.07	427.83	12741414.00	427.74	13536264.00	-0.31	27.65	965.92	965.55	-0.04	3.37	51.05	43.00	-55.23	9.82	9.64	9.85	0.37	4.69	21.37	8.96	407.46	-1.00	0.371	0.0	0.00	2.952	28.946	31.745	117.10	12.74	-38.583	-1.8081
ATM-DRAIN	0	16/12/11	15:31:51	15:31:53	-60.6030	-0.0739	-1.10	NaN	12796383.00	388.75	13478624.00	0.58	27.68	965.92	965.60	-0.08	3.37	96.62	43.00	-55.23	9.83	9.64	9.85	0.37	4.69	21.37	8.96	398.53	-1.01	0.322	0.0	0.00	2.948	28.894	31.686	115.50	12.57	-38.583	-1.7963
ATM	0	16/12/11	15:33:43	15:33:45	-60.6062	-0.0752	-1.09	NaN	12795017.00	388.72	13478491.00	0.59	27.68	965.92	965.65	-0.22	3.38	96.79	43.00	-55.25	9.82	9.64	9.85	0.37	4.69	21.25	8.96	398.18	-1.00	0.312	0.0	0.00	2.936	28.927	31.738	114.80	12.49	-38.583	-1.7879
ATM	0	16/12/11	15:35:11	15:35:13	-60.6091	-0.0747	-1.09	NaN	12795265.00	388.75	13483619.00	0.58	27.69	965.94	965.67	-0.19	3.37	96.33	43.00	-55.25	9.82	9.64	9.85	0.37	4.69	21.25	8.86	397.44	-0.99	0.281	0.0	0.00	2.965	28.910	31.689	114.10	12.42	-38.583	-1.7695
ATM	0	16/12/11	15:36:41	15:36:43	-60.6123	-0.0743	-1.07	NaN	12799102.00	388.77	13474405.00	0.57	27.69	965.98	965.58	-0.18	3.39	96.44	43.00	-55.28	9.82	9.64	9.85	0.37	4.69	21.31	8.86	394.17	-0.98	0.275	0.0	0.00	2.935	28.916	31.726	113.90	12.40	-38.583	-1.7469
ATM	0	16/12/11	15:38:11	15:38:13	-60.6154	-0.0750	-1.04	NaN	12804070.00	388.80	13474566.00	0.56	27.70	965.93	965.56	-0.23	3.37	96.62	43.00	-55.27	9.82	9.64	9.85	0.37	4.69	21.31	8.86	392.73	-0.95	0.273	0.0	0.00	2.946	28.912	31.710	113.60	12.37	-38.583	-1.7862
ATM	128	16/12/11	15:39:41	15:39:44	-60.6180	-0.0755	-1.06	NaN	12795761.00	388.77	13479086.00	0.56	27.72	965.89	965.61	-0.25	3.35	96.56	43.00	-55.32	9.82	9.64	9.85	0.37	4.69	21.37	8.86	401.24	-0.99	0.359	0.0	0.00	2.930	28.933	31.750	113.60	12.36	-38.583	-1.7923
ATM	0	16/12/11	15:41:11	15:41:13	-60.6205	-0.0756	-1.08	NaN	12797374.00	388.70	13476908.00	0.56	27.73	965.89	965.48	-0.15	3.36	96.16	43.00	-55.31	9.82	9.64	9.85	0.37	4.75	21.31	8.75	400.72	-0.98	0.324	0.0	0.00	2.915	28.924	31.756	113.50	12.36	-38.583	-1.7977
ATM	0	16/12/11	15:42:41	15:42:43	-60.6232	-0.0750	-1.09	NaN	12795529.00	388.72	13484992.00	0.55	27.74	965.90	965.52	-0.23	3.35	96.27	43.00	-55.28	9.82	9.64	9.85	0.37	4.75	21.37	8.75	402.38	-1.00	0.334	0.0	0.00	2.889	28.917	31.772	113.60	12.37	-38.583	-1.8011
ATM	0	16/12/11	15:44:11	15:44:13	-60.6258	-0.0745	-1.09	NaN	12795982.00	388.63	13482095.00	0.55	27.75	965.89	965.63	-0.16	3.35	96.56	43.00	-55.24	9.82	9.64	9.85	0.37	4.87	21.37	8.75	402.17	-1.00	0.351	0.0	0.00	2.901	28.885	31.721	113.40	12.35	-38.583	-1.8388
ATM	128	16/12/11	15:45:42	15:45:44	-60.6283	-0.0732	-1.08	NaN	12794987.00	388.65	13481561.00	0.54	27.75	965.94	965.50	0.00	1.49	96.68	43.00	-55.24	9.82	9.64	9.85	0.37	4.94	21.37	8.75	414.53	-0.50	0.400	0.0	0.00	2.986	29.388	32.247	113.10	12.26	-38.583	-1.8230
EQU	0	16/12/11	15:50:37	15:50:39	-60.6389	-0.0698	-1.09	NaN	12725060.00	436.13	13517339.00	0.22	27.78	965.94	965.64	-0.35	3.35	75.20	43.00	-55.30	9.82	9.64	9.85	0.37	4.81	21.44	8.65	0.00	0.00	0.283	0.0	0.00	2.463	28.356	31.510	114.00	12.57	-38.583	-1.7851
EQU	0	16/12/11	15:52:05	15:52:07	-60.6420	-0.0684	-1.07	NaN	12740055.00	426.57	13502939.00	0.22	27.78	965.98	965.59	-0.33	3.35	76.54	43.00	-55.29	9.82	9.64	9.85	0.37	4.75	21.44	8.65	396.70	-0.98	0.282	0.0	0.00	2.266	28.405	31.766	114.00	12.62	-38.583	-1.7800
EQU	0	16/12/11	15:53:34	15:53:36	-60.6445	-0.0666	-1.07	NaN	12744910.00	424.61	13505773.00	0.21	27.80	965.99	965.59	-0.28	3.36	78.25	43.00	-55.27	9.82	9.64	9.85	0.37	4.69	21.37	8.65	394.21	-0.98	0.313	0.0	0.00	2.160	28.388	31.851	113.60	12.60	-38.583	-1.8025
EQU	0	16/12/11	15:55:04	15:55:06	-60.6467	-0.0651	-1.07	NaN	12742779.00	424.03	13504955.00	0.20	27.80	966.00	965.65	-0.38	3.36	78.91	43.00	-55.29	9.82	9.64	9.85	0.37	4.69	21.44	8.65	397.81	-0.98	0.353	0.0	0.00	2.113	28.424	31.942	113.20	12.56	-38.583	-1.7869
EQU	128	16/12/11	15:56:34	15:56:36	-60.6489	-0.0641	-1.07	NaN	12749698.00	423.39	13496148.00	0.20	27.81	965.95	965.55	-0.36	3.35	77.85	43.00	-55.28	9.82	9.64	9.85	0.37	4.69	21.37	8.65	396.49	-0.97	0.354	0.0	0.00	2.079	28.415	31.965	113.00	12.55	-38.583	-1.8434
EQU	0	16/12/11	15:58:04	15:58:06	-60.6507	-0.0627	-1.07	NaN	12744766.00	424.98	13494613.00	0.19	27.82	965.95	965.56	-0.25	3.23	82.00	43.00	-55.29	9.82	9.64	9.85	0.37	4.69	21.44	8.65	414.47	-0.94	0.437	0.0	0.00	2.091	28.500	32.059	112.80	12.52	-38.583	-1.8251
EQU	0	16/12/11	15:59:34	15:59:36	-60.6526	-0.0614	-1.09	NaN	12746202.00	424.30	13504218.00	0.19	27.84	966.01	965.67	-0.32	3.31	79.42	43.00	-55.29	9.83	9.64	9.85	0.37	4.69	21.37	8.65	412.27	-0.95	0.345	0.0	0.00	2.154	28.393	31.863	112.50	12.49	-38.583	-1.8302
EQU-DRAIN	0	16/12/11	16:01:04	16:01:06	-60.6550	-0.0597	-1.11	NaN	12748196.00	423.52	13507088.00	0.18	27.84	965.98	965.53	-0.35	3.34	79.99	43.00	-55.28	9.82	9.64	9.85	0.37	4.69	21.37	8.55	403.91	-0.97	0.324	0.0	0.00	2.103	28.408	31.933	112.70	12.51	-38.583	-1.8393
EQU	0	16/12/11	16:02:55	16:02:58	-60.6584	-0.0566	-1.12	NaN	12753990.00	416.22	13512003.00	0.18	27.84	966.04	965.71	-0.31	3.34	79.63	43.00	-55.29	9.82	9.64	9.85	0.37	4.75	21.37	8.55	399.82	-0.98	0.292	0.0	0.00	2.050	28.347	31.910	112.70	12.54	-38.583	-1.7915
EQU	0	16/12/11	16:04:24	16:04:26	-60.6610	-0.0541	-1.10	NaN	12754425.00	419.61	13508104.00	0.18	27.84	965.95	965.57	-0.35	3.36	80.35	43.00	-55.29	9.82	9.64	9.85	0.37	4.75	21.31	8.55	395.92	-0.96	0.286	0.0	0.00	2.032	28.342	31.921	112.40	12.51	-38.583	-1.7653
EQU	0	16/12/11	16:05:54	16:05:56	-60.6641	-0.0531	-1.07	NaN	12747606.00	420.37	13512836.00	0.17	27.85	965.99	965.66	-0.40	3.35	80.09	43.00	-55.31	9.82	9.64	9.85	0.37	4.75	21.37	8.55	393.77	-0.94	0.285	0.0	0.00	2.013	28.345	31.946	112.20	12.49	-38.583	-1.7629
EQU	0	16/12/11	16:07:24	16:07:26	-60.6673	-0.0521	-1.05	NaN	12748028.00	421.90	13515025.00	0.17	27.85	965.95	965.52	-0.28	3.36	81.85	43.00	-55.29	9.82	9.64	9.85	0.37	4.75	21.37	8.55	392.75	-0.92	0.284	0.0	0.00	2.000	28.345	31.959	111.90	12.46	-38.583	-1.7478
EQU	0	16/12/11	16:08:54	16:08:56	-60.6703	-0.0508	-1.05	NaN	12750890.00	422.70	13501213.00	0.17	27.86	965.97	965.57	-0.27	3.37	80.09	43.00	-55.29	9.82	9.64	9.85	0.37	4.75	21.37	8.45	392.35	-0.91	0.288	0.0	0.00	1.959	28.373	32.035	111.90	12.46	-38.583	-1.7431
EQU	128	16/12/11	16:10:24	16:10:26	-60.6732	-0.0501	-1.04	NaN	12744846.00	423.29	13509646.00	0.17	27.86	965.91	965.48	-0.31	3.37	78.81	43.00	-55.27	9.82	9.64	9.85	0.37	4.69	21.37	8.45	392.08	-0.90	0.292	0.0	0.00	0.000	0.000	0.000	0.00	0.00	0.000	-1.7419
EQU	0	16/12/11	16:11:54	16:11:56	-60.6761	-0.0501	-1.04	NaN	12748447.00	423.52	13506068.00	0.17	27.87	965.99	965.47	-0.33	3.38	80.81	43.00	-55.28	9.82	9.64	9.85	0.37	4.69	21.44	8.45	392.51	-0.91	0.299	0.0	0.00	1.875	28.316	32.049	111.80	12.47	-38.583	-1.7514
EQU	0	16/12/11	16:13:24	16:13:26	-60.6789	-0.0492	-1.04	NaN	12748876.00	423.53	13500906.00	0.17	27.88	965.94	965.62	-0.33	3.38	80.24	43.00	-55.27	9.82	9.64	9.85	0.37	4.62	21.44	8.35	392.03	-0.90	0.304	0.0	0.00	1.808	28.289	32.083	111.80	12.49	-38.583	-1.7323
EQU	0	16/12/11	16:14:54	16:14:56	-60.6817	-0.0480	-1.04	NaN	12744782.00	423.35	13513567.00	0.17	27.89	965.98	965.63	-0.33	3.39	82.16	43.00	-55.27	9.82	9.64	9.85	0.37	4.69	21.44	8.35	392.29	-0.90	0.300	0.0	0.00	1.756	28.250	32.088	111.70	12.51	-38.583	-1.7199
EQU	128	16/12/11	16:16:24	16:16:26	-60.6845	-0.0464	-1.02	NaN	12743646.00	423.80	13512785.00	0.17	27.89	965.99	965.62	-0.33	3.40	81.07	43.00	-55.29	9.82	9.64	9.85	0.37	4.69	21.37	8.35	392.27	-0.88	0.302	0.0	0.00	0.000	0.000	0.000	0.00	0.00	0.000	-1.7156
EQU	0	16/12/11	16:17:54	16:17:56	-60.6871	-0.0440	-1.01	NaN	12745436.00	423.85	13512484.00	0.16	27.89	966.00	965.57	-0.22	3.40	82.16	43.00	-55.27	9.82	9.64	9.85	0.37	4.69	21.44	8.35	392.39	-0.88	0.303	0.0	0.00	1.735	28.236	32.091	111.40	12.48	-38.583	-1.7149
EQU	0	16/12/11	16:19:24	16:19:26	-60.6898	-0.0429	-1.01	NaN	12748201.00	423.81	13507276.00	0.16	27.90	966.01	965.59	-0.23	3.40	82.11	43.00	-55.27	9.82	9.64	9.85	0.37	4.69	21.44	8.25	392.22	-0.87	0.310	0.0	0.00	1.740	28.261	32.117	111.40	12.47	-38.583	0.0000
EQU	0	16/12/11	16:20:54	16:20:56	-60.6926	-0.0418	-1.01	NaN	12748141.00	423.88	13503132.00	0.16	27.90	966.02	965.61	-0.31	3.31	80.50	43.00	-55.27	9.82	9.64	9.85	0.37	4.69	21.37	8.25	391.99	-0.87	0.312	0.0	0.00	1.750	28.304	32.162	111.50	12.47	-38.583	-1.7197
EQU	0	16/12/11	16:22:24	16:22:26	-60.6955	-0.0405	-1.02	NaN	12748822.00	423.66	13502472.00	0.16	27.90	966.02	965.59	-0.34	3.32	81.85	43.00	-55.28	9.82	9.64	9.85	0.37	4.69	21.37	8.25	392.01	-0.88	0.316	0.0	0.00	1.760	28.308	32.156	111.50	12.48	-38.583	-1.7177
EQU	0	16/12/11	16:23:54	16:23:56	-60.6983	-0.0391	-1.02	NaN	12747016.00	422.80	13504033.00	0.16	27.90	966.02	965.62	-0.33	3.33	79.32	43.00	-55.28	9.82	9.64	9.85	0.37	4.69	21.37	8.25	391.95	-0.87	0.313	0.0	0.00	1.747	28.278	32.131	111.70	12.50	-38.583	-1.7098
EQU	0	16/12/11	16:25:24	16:25:26	-60.7011	-0.0377	-1.01	NaN	12747826.00	421.75	13512951.00	0.16	27.90	965.99	965.60	-0.31	3.31	79.17	43.00	-55.29	9.82	9.64	9.85	0.37	4.62	21.37	8.14	392.31	-0.88	0.319	0.0	0.00	1.717	28.271	32.153	111.80	12.52	-38.583	-1.6984
EQU	128	16/12/11	16:26:54	16:26:56	-60.7038	-0.0367	-1.00	NaN	12750655.00	421.17	13502774.00	0.16	27.91	966.01	965.49	-0.36	3.32	80.96	43.00	-55.29	9.82	9.64	9.85	0.37	4.69	21.37	8.14	391.68	-0.85	0.318	0.0	0.00	1.703	28.279	32.177	111.80	12.53	-38.583	-1.6975
EQU	0	16/12/11	16:28:24	16:28:26	-60.7065	-0.0363	-1.00	NaN	12749430.00	420.56	13510045.00	0.16	27.92	966.02	965.50	-0.31	3.31	80.45	43.00	-55.30	9.82	9.64	9.85	0.37	4.75	21.37	8.14	392.21	-0.86	0.315	0.0	0.00	1.701	28.256	32.150	111.80	12.53	-38.583	-1.7086
EQU	16384	16/12/11	16:29:54	16:29:56	-60.7091	-0.0367	-1.01	NaN	12749198.00	419.96	13515839.00	0.16	27.92	965.96	965.55	-0.27	3.31	81.33	43.00	-55.31	9.82	9.64	9.85	0.37	4.69	21.37	8.14	392.32	-0.88	0.319	0.0	0.00	1.707	28.241	32.125	111.80	12.53	-38.583	-1.7891
EQU-DRAIN	0	16/12/11	16:31:24	16:31:26	-60.7115	-0.0356	-1.03	NaN	12751600.00	419.24	13508802.00	0.16	27.93	966.02	965.63	-0.28	3.30	80.14	43.00	-55.31	9.82	9.64	9.85	0.37	4.69	21.37	8.14	399.22	-0.90	0.380	0.0	0.00	1.716	28.200	32.065	111.80	12.52	-38.583	-1.7133
EQU	0	16/12/11	16:33:16	16:33:18	-60.7148	-0.0341	-1.01	NaN	12763751.00	412.81	13502819.00	0.16	27.94	966.01	965.60	-0.30	3.31	82.89	43.00	-55.28	9.82	9.64	9.85	0.37	4.69	21.37	8.04	421.36	-0.88	0.312	0.0	0.00	1.845	28.235	31.979	111.50	12.46	-38.583	-1.7026
EQU	0	16/12/11	16:34:45	16:34:47	-60.7174	-0.0329	-1.00	NaN	12754947.00	417.27	13517269.00	0.16	27.94	965.97	965.60	-0.28	3.31	81.48	43.00	-55.29	9.82	9.64	9.85	0.37	4.69	21.37	8.04	412.17	-0.86	0.313	0.0	0.00	1.764	28.215	32.036	111.80	12.51	-38.583	-1.6921
EQU	0	16/12/11	16:36:14	16:36:16	-60.7202	-0.0315	-0.99	NaN	12755229.00	417.83	13505993.00	0.15	27.94	965.96	965.62	-0.24	3.31	81.85	43.00	-55.32	9.82	9.64	9.85	0.37	4.69	21.37	8.04	407.83	-0.85	0.305	0.0	0.00	1.812	28.210	31.981	111.40	12.46	-38.583	-1.6620
EQU	0	16/12/11	16:37:44	16:37:46	-60.7230	-0.0302	-0.97	NaN	12750627.00	417.78	13512289.00	0.15	27.94	966.02	965.59	-0.41	3.32	80.19	43.00	-55.32	9.82	9.64	9.85	0.37	4.69	21.37	7.94	404.33	-0.83	0.291	0.0	0.00	1.822	28.217	31.979	111.30	12.45	-38.583	-1.6616
EQU	0	16/12/11	16:39:14	16:39:16	-60.7257	-0.0288	-0.96	NaN	12754813.00	417.85	13511274.00	0.16	27.94	965.96	965.69	-0.38	3.30	80.86	43.00	-55.33	9.82	9.64	9.85	0.37	4.69	21.37	7.94	400.98	-0.83	0.289	0.0	0.00	1.828	28.249	32.012	111.20	12.43	-38.583	-1.6903
EQU	0	16/12/11	16:40:44	16:40:46	-60.7280	-0.0275	-1.00	NaN	12755699.00	417.54	13503072.00	0.15	27.94	965.93	965.62	-0.24	3.31	81.48	43.00	-55.32	9.82	9.64	9.85	0.37	4.69	21.37	7.94	398.33	-0.84	0.328	0.0	0.00	1.834	28.228	31.981	111.20	12.43	-38.583	-1.6974
EQU	0	16/12/11	16:42:14	16:42:16	-60.7306	-0.0261	-1.01	NaN	12759102.00	415.98	13507042.00	0.15	27.94	965.91	965.55	-0.28	3.32	80.60	43.00	-55.31	9.82	9.64	9.85	0.37	4.69	21.31	7.94	396.85	-0.89	0.307	0.0	0.00	1.872	28.233	31.948	111.00	12.40	-38.583	-1.6810
EQU	0	16/12/11	16:43:44	16:43:46	-60.7335	-0.0248	-0.98	NaN	12759507.00	415.54	13507284.00	0.15	27.94	966.04	965.64	-0.34	3.32	81.12	43.00	-55.32	9.82	9.64	9.85	0.37	4.69	21.37	7.94	394.92	-0.85	0.295	0.0	0.00	1.782	28.255	32.068	111.30	12.45	-38.583	-1.6789
EQU	0	16/12/11	16:45:15	16:45:17	-60.7364	-0.0235	-0.98	NaN	12756184.00	415.74	13512721.00	0.15	27.94	965.95	965.55	-0.33	3.33	81.53	43.00	-55.30	9.83	9.64	9.85	0.37	4.69	21.31	7.84	394.16	-0.85	0.292	0.0	0.00	1.810	28.219	31.994	111.20	12.43	-38.583	-1.6730
EQU	128	16/12/11	16:46:44	16:46:46	-60.7394	-0.0226	0.00	NaN	12759502.00	415.77	13508513.00	0.15	27.95	965.88	965.50	-0.28	3.32	82.63	43.00	-55.30	9.82	9.64	9.85	0.37	4.69	21.37	7.84	393.42	-0.84	0.293	0.0	0.00	0.000	0.000	0.000	0.00	0.00	0.000	-1.6781
EQU	0	16/12/11	16:48:14	16:48:16	-60.7424	-0.0217	-0.98	NaN	12760579.00	415.65	13507876.00	0.15	27.95	965.93	965.41	-0.30	3.33	81.17	43.00	-55.30	9.82	9.64	9.85	0.37	4.69	21.37	7.84	393.20	-0.85	0.289	0.0	0.00	1.826	28.238	32.001	110.70	12.38	-38.583	-1.6692
EQU	0	16/12/11	16:49:44	16:49:46	-60.7455	-0.0208	-0.97	NaN	12757869.00	415.17	13504745.00	0.15	27.95	965.92	965.58	-0.25	3.32	81.48	43.00	-55.31	9.82	9.64	9.85	0.37	4.69	21.31	7.74	392.43	-0.83	0.287	0.0	0.00	1.818	28.250	32.025	110.60	12.37	-38.583	9.0000
EQU	0	16/12/11	16:51:14	16:51:16	-60.7483	-0.0198	-0.96	NaN	12757127.00	415.24	13510086.00	0.15	27.96	965.94	965.62	-0.25	3.30	80.76	43.00	-55.31	9.82	9.64	9.85	0.37	4.62	21.31	7.74	392.06	-0.81	0.290	0.0	0.00	1.810	28.244	32.025	110.60	12.36	-38.583	-1.7451
EQU	128	16/12/11	16:52:44	16:52:46	-60.7508	-0.0189	-1.03	NaN	12757386.00	415.21	13509281.00	0.15	27.96	965.94	965.38	-0.38	3.31	80.14	43.00	-55.31	9.82	9.64	9.85	0.37	4.69	21.25	7.74	397.30	-0.89	0.389	0.0	0.00	0.000	0.000	0.000	0.00	0.00	0.000	-1.7339
EQU	0	16/12/11	16:54:14	16:54:16	-60.7530	-0.0180	-1.03	NaN	12761642.00	413.47	13508553.00	0.15	27.95	965.94	965.40	-0.36	3.28	80.24	43.00	-55.33	9.82	9.64	9.85	0.37	4.69	21.31	7.74	395.98	-0.88	0.360	0.0	0.00	2.002	28.189	31.763	109.90	12.25	-38.583	-1.7363
EQU	0	16/12/11	16:55:45	16:55:47	-60.7552	-0.0171	-1.03	NaN	12762195.00	413.26	13506773.00	0.15	27.96	965.97	965.58	-0.15	3.29	82.63	43.00	-55.33	9.82	9.64	9.85	0.37	4.69	21.31	7.74	394.08	-0.89	0.338	0.0	0.00	1.981	28.196	31.792	109.80	12.24	-38.583	-1.7258
EQU	128	16/12/11	16:57:14	16:57:16	-60.7576	-0.0165	-1.03	NaN	12763389.00	412.54	13511523.00	0.15	27.96	965.94	965.56	-0.31	3.30	80.91	43.00	-55.30	9.82	9.64	9.85	0.37	4.62	21.25	7.64	398.58	-0.89	0.312	0.0	0.00	1.971	28.185	31.788	110.20	12.29	-38.583	-1.7218
EQU	0	16/12/11	16:58:44	16:58:46	-60.7602	-0.0151	-1.02	NaN	12765243.00	413.00	13500351.00	0.15	27.96	966.01	965.62	-0.32	3.30	81.02	43.00	-55.27	9.82	9.64	9.85	0.37	4.69	21.31	7.64	395.04	-0.88	0.296	0.0	0.00	1.955	28.195	31.817	110.60	12.34	-38.583	-1.6987
EQU	0	16/12/11	17:00:14	17:00:16	-60.7629	-0.0136	-1.00	NaN	12756448.00	413.65	13515813.00	0.15	27.96	965.97	965.61	-0.29	3.31	80.86	43.00	-55.27	9.82	9.64	9.85	0.37	4.69	21.31	7.64	393.23	-0.87	0.295	0.0	0.00	1.860	28.199	31.919	111.10	12.42	-38.583	-1.7150
EQU-DRAIN	0	16/12/11	17:01:44	17:01:46	-60.7654	-0.0127	-1.01	NaN	12762052.00	414.09	13501179.00	0.15	27.96	965.91	965.57	-0.33	3.31	80.81	43.00	-55.28	9.82	9.64	9.85	0.37	4.75	21.31	7.64	392.44	-0.87	0.297	0.0	0.00	1.842	28.223	31.966	111.30	12.44	-38.583	-1.7073
EQU	0	16/12/11	17:03:36	17:03:38	-60.7686	-0.0117	-1.00	NaN	12763076.00	411.15	13509773.00	0.15	27.97	966.00	965.64	-0.32	3.32	80.76	43.00	-55.29	9.82	9.64	9.85	0.37	4.69	21.31	7.53	392.17	-0.87	0.298	0.0	0.00	1.805	28.188	31.960	111.30	12.45	-38.583	-1.6969
EQU	0	16/12/11	17:05:04	17:05:06	-60.7712	-0.0106	-1.00	NaN	12760675.00	413.80	13510532.00	0.15	27.96	966.01	965.64	-0.37	3.32	81.02	43.00	-55.30	9.82	9.64	9.85	0.37	4.69	21.31	7.53	392.02	-0.85	0.309	0.0	0.00	1.777	28.172	31.968	111.20	12.45	-38.583	-1.7177
EQU	128	16/12/11	17:06:34	17:06:36	-60.7739	-0.0098	-1.00	NaN	12761271.00	414.25	13508070.00	0.15	27.96	966.01	965.61	-0.28	3.31	80.71	43.00	-55.31	9.82	9.64	9.85	0.37	4.69	21.31	7.53	391.93	-0.85	0.314	0.0	0.00	1.754	28.190	32.015	111.20	12.45	-38.583	-1.7068
EQU	0	16/12/11	17:08:04	17:08:06	-60.7765	-0.0089	-1.00	NaN	12759566.00	414.30	13513710.00	0.15	27.97	965.98	965.59	-0.22	3.31	82.21	43.00	-55.31	9.82	9.64	9.85	0.37	4.69	21.31	7.53	392.10	-0.87	0.287	0.0	0.00	1.731	28.181	32.026	111.10	12.44	-38.583	-1.7517
EQU	0	16/12/11	17:09:34	17:09:36	-60.7786	-0.0081	-1.03	NaN	12762627.00	414.39	13506327.00	0.15	27.96	965.97	965.65	-0.31	3.30	80.86	43.00	-55.33	9.82	9.64	9.85	0.37	4.69	21.31	7.53	393.54	-0.88	0.367	0.0	0.00	1.730	28.208	32.062	110.90	12.42	-38.583	-1.7450
EQU	0	16/12/11	17:11:04	17:11:06	-60.7805	-0.0069	-1.05	NaN	12762467.00	413.26	13509565.00	0.15	27.96	965.94	965.65	-0.31	3.29	82.11	43.00	-55.34	9.82	9.64	9.85	0.37	4.75	21.25	7.43	414.52	-0.90	0.330	0.0	0.00	1.739	28.163	31.995	110.60	12.39	-38.583	-1.7548
EQU	128	16/12/11	17:12:35	17:12:37	-60.7825	-0.0065	-1.04	NaN	12761834.00	413.46	13508313.00	0.15	27.96	965.94	965.69	-0.37	3.30	80.24	43.00	-55.31	9.82	9.64	9.85	0.37	4.75	21.25	7.43	404.41	-0.91	0.354	0.0	0.00	1.715	28.170	32.030	110.50	12.38	-38.583	-1.7787
EQU	0	16/12/11	17:14:04	17:14:06	-60.7845	-0.0047	-1.07	NaN	12762466.00	413.31	13508390.00	0.15	27.96	965.91	965.60	-0.33	3.29	79.88	43.00	-55.29	9.82	9.64	9.85	0.37	4.69	21.25	7.43	404.78	-0.93	0.374	0.0	0.00	1.710	28.141	31.998	110.40	12.38	-38.583	-1.7519
EQU	0	16/12/11	17:15:34	17:15:36	-60.7868	-0.0043	-1.05	NaN	12760285.00	412.69	13506387.00	0.15	27.96	965.87	965.48	-0.32	3.29	81.48	43.00	-55.29	9.82	9.64	9.85	0.37	3.56	21.31	7.43	399.29	-0.92	0.331	0.0	0.00	1.688	28.134	32.011	110.40	12.39	-38.583	-1.7420
EQU	128	16/12/11	17:17:04	17:17:06	-60.7893	-0.0047	-1.04	NaN	12763221.00	412.90	13506654.00	0.15	27.96	965.92	965.45	-0.41	3.30	78.86	43.00	-55.29	9.82	9.64	9.85	0.37	4.44	21.25	7.43	395.12	-0.90	0.340	0.0	0.00	0.000	0.000	0.000	0.00	0.00	0.000	-1.7290
EQU	0	16/12/11	17:18:34	17:18:36	-60.7920	-0.0053	-1.04	NaN	12760545.00	413.09	13503176.00	0.15	27.96	965.90	965.44	-0.25	3.32	80.50	43.00	-55.28	9.82	9.64	9.85	0.37	4.56	21.25	7.33	393.56	-0.91	0.329	0.0	0.00	1.713	28.132	31.983	110.20	12.36	-38.583	-1.7316
EQU	0	16/12/11	17:20:04	17:20:06	-60.7944	-0.0057	-1.03	NaN	12757913.00	413.27	13519708.00	0.15	27.96	965.88	965.57	-0.31	3.31	81.12	43.00	-55.28	9.82	9.64	9.85	0.37	4.62	21.31	7.43	392.75	-0.90	0.336	0.0	0.00	1.729	28.140	31.977	110.10	12.35	-38.583	-1.7581
EQU	0	16/12/11	17:21:34	17:21:36	-60.7963	-0.0062	-1.05	NaN	12762094.00	413.33	13508142.00	0.15	27.96	965.88	965.52	-0.37	3.30	80.50	43.00	-55.30	9.82	9.64	9.85	0.37	4.69	21.25	7.33	392.86	-0.92	0.358	0.0	0.00	1.753	28.152	31.967	110.10	12.33	-38.583	-1.7649
EQU	128	16/12/11	17:23:04	17:23:06	-60.7983	-0.0075	-1.05	NaN	12762928.00	412.96	13505216.00	0.15	27.96	965.88	965.35	-0.37	3.29	80.04	43.00	-55.30	9.82	9.64	9.85	0.37	4.69	21.25	7.33	393.52	-0.91	0.349	0.0	0.00	0.000	0.000	0.000	0.00	0.00	0.000	-1.7430
EQU	0	16/12/11	17:24:34	17:24:36	-60.8007	-0.0076	-1.04	NaN	12759379.00	412.77	13513914.00	0.14	27.95	965.86	965.48	-0.29	3.31	81.48	43.00	-55.29	9.82	9.64	9.85	0.37	4.62	21.31	7.33	392.98	-0.91	0.336	0.0	0.00	1.734	28.159	31.996	110.30	12.36	-38.583	-1.7346
EQU	0	16/12/11	17:26:04	17:26:06	-60.8031	-0.0060	-1.04	NaN	12763380.00	412.73	13506958.00	0.15	27.95	965.87	965.62	-0.33	3.31	80.45	43.00	-55.31	9.82	9.64	9.85	0.37	4.69	21.25	7.33	392.16	-0.89	0.338	0.0	0.00	1.745	28.145	31.967	110.50	12.38	-38.583	-1.7316
EQU	0	16/12/11	17:27:35	17:27:37	-60.8059	-0.0046	-1.03	NaN	12765290.00	413.03	13499672.00	0.14	27.94	965.87	965.45	-0.28	3.31	80.35	43.00	-55.32	9.82	9.64	9.85	0.37	4.62	21.25	7.33	391.97	-0.88	0.333	0.0	0.00	1.752	28.143	31.957	110.50	12.38	-38.583	-1.7245
EQU	0	16/12/11	17:29:04	17:29:06	-60.8086	-0.0034	-1.03	NaN	12760786.00	413.22	13512028.00	0.14	27.95	965.84	965.47	-0.26	3.31	80.86	43.00	-55.32	9.82	9.64	9.85	0.37	3.50	21.25	7.33	392.08	-0.89	0.331	0.0	0.00	1.756	28.143	31.953	110.50	12.38	-38.583	-1.7193
EQU	0	16/12/11	17:30:34	17:30:36	-60.8113	-0.0035	-1.01	NaN	12763118.00	413.00	13510221.00	0.14	27.95	965.81	965.27	-0.25	3.31	81.07	43.00	-55.31	9.82	9.64	9.85	0.37	4.37	21.25	7.33	391.97	-0.89	0.332	0.0	0.00	1.756	28.134	31.942	110.50	12.38	-38.583	-1.7400
EQU-DRAIN	0	16/12/11	17:32:04	17:32:06	-60.8137	-0.0042	-1.04	NaN	12761281.00	412.99	13514821.00	0.14	27.94	965.85	965.43	-0.28	3.32	79.93	43.00	-55.32	9.82	9.64	9.85	0.37	4.62	21.25	7.23	392.06	-0.89	0.354	0.0	0.00	1.785	28.230	32.033	110.50	12.36	-38.583	-1.7319
EQU	0	16/12/11	17:33:55	17:33:57	-60.8169	-0.0031	-1.03	NaN	12765784.00	409.35	13512436.00	0.15	27.94	965.94	965.52	-0.27	3.32	81.53	43.00	-55.29	9.82	9.64	9.85	0.37	4.75	21.19	7.33	392.11	-0.89	0.332	0.0	0.00	1.893	28.228	31.920	110.30	12.32	-38.583	-1.7210
EQU	0	16/12/11	17:35:24	17:35:26	-60.8197	-0.0022	-1.02	NaN	12765598.00	411.95	13508355.00	0.14	27.93	965.94	965.66	-0.33	3.31	79.32	43.00	-55.30	9.82	9.64	9.85	0.37	4.69	21.25	7.23	391.95	-0.88	0.328	0.0	0.00	1.875	28.275	31.998	110.50	12.34	-38.583	-1.7263
EQU	128	16/12/11	17:36:55	17:36:57	-60.8226	-0.0006	-1.03	NaN	12765096.00	412.33	13504429.00	0.14	27.93	965.87	965.53	-0.27	3.32	80.24	43.00	-55.31	9.82	9.64	9.85	0.37	4.69	21.19	7.23	392.33	-0.90	0.324	0.0	0.00	1.891	28.277	31.984	110.60	12.34	-38.583	-1.7143
EQU	0	16/12/11	17:38:24	17:38:26	-60.8254	0.0004	-1.01	NaN	12759811.00	412.35	13516505.00	0.14	27.93	965.93	965.31	-0.32	3.31	79.12	43.00	-55.34	9.82	9.64	9.85	0.37	4.69	21.19	7.23	392.01	-0.88	0.329	0.0	0.00	1.912	28.266	31.948	110.60	12.34	-38.583	-1.7050
EQU	0	16/12/11	17:39:54	17:39:56	-60.8281	-0.0000	-1.01	NaN	12764245.00	412.48	13509915.00	0.14	27.93	965.95	965.51	-0.31	3.29	80.81	43.00	-55.33	9.83	9.64	9.85	0.37	4.69	21.19	7.23	391.83	-0.85	0.330	0.0	0.00	1.933	28.297	31.966	110.60	12.34	-38.583	-1.7420
EQU	0	16/12/11	17:41:24	17:41:26	-60.8309	0.0000	-1.03	NaN	12764075.00	412.27	13504640.00	0.14	27.93	965.92	965.42	-0.34	3.31	80.60	43.00	-55.32	9.82	9.64	9.85	0.37	4.69	21.19	7.23	392.13	-0.89	0.328	0.0	0.00	1.949	28.283	31.933	110.70	12.34	-38.583	-1.7240
EQU	0	16/12/11	17:42:54	17:42:56	-60.8337	-0.0001	-1.02	NaN	12761178.00	411.84	13515746.00	0.14	27.92	965.88	965.44	-0.36	3.32	81.27	43.00	-55.32	9.82	9.64	9.85	0.37	4.69	21.19	7.23	391.88	-0.88	0.324	0.0	0.00	1.957	28.261	31.897	110.70	12.34	-38.583	0.0000
EQU	0	16/12/11	17:44:24	17:44:26	-60.8367	0.0000	-1.02	NaN	12765953.00	411.70	13509526.00	0.14	27.92	965.93	965.41	-0.25	3.31	81.74	43.00	-55.32	9.82	9.64	9.85	0.37	4.69	21.19	7.23	392.11	-0.89	0.320	0.0	0.00	1.971	28.283	31.910	110.80	12.34	-38.583	-1.7137
EQU	0	16/12/11	17:45:54	17:45:56	-60.8396	-0.0001	-1.02	NaN	12765980.00	411.69	13505910.00	0.14	27.91	965.94	965.53	-0.46	3.31	81.17	43.00	-55.31	9.82	9.64	9.85	0.37	4.69	21.19	7.23	391.55	-0.86	0.325	0.0	0.00	1.982	28.268	31.881	110.80	12.35	-38.583	-1.7149
EQU	128	16/12/11	17:47:24	17:47:26	-60.8426	0.0008	-1.02	NaN	12762456.00	411.68	13514507.00	0.14	27.91	965.91	965.53	-0.38	3.31	82.21	43.00	-55.32	9.82	9.64	9.85	0.37	4.62	21.19	7.23	391.96	-0.89	0.315	0.0	0.00	0.000	0.000	0.000	0.00	0.00	0.000	-1.7173
EQU	0	16/12/11	17:48:54	17:48:56	-60.8455	0.0027	-1.01	NaN	12765922.00	411.78	13506343.00	0.14	27.90	965.89	965.54	-0.28	3.31	80.19	43.00	-55.32	9.82	9.64	9.85	0.37	4.69	21.19	7.23	391.66	-0.87	0.323	0.0	0.00	1.959	28.304	31.949	110.90	12.36	-38.583	-1.7070
EQU	0	16/12/11	17:50:24	17:50:26	-60.8484	0.0048	-1.01	NaN	12761318.00	411.52	13509957.00	0.14	27.90	965.96	965.61	-0.31	3.31	78.45	43.00	-55.33	9.82	9.64	9.85	0.37	4.69	21.12	7.23	391.94	-0.87	0.317	0.0	0.00	1.965	28.302	31.940	111.00	12.37	-38.583	-1.7159
EQU	0	16/12/11	17:51:54	17:51:56	-60.8512	0.0074	-1.02	NaN	12765883.00	411.61	13500813.00	0.14	27.90	966.01	965.61	-0.31	3.31	80.09	43.00	-55.31	9.82	9.64	9.85	0.37	4.69	21.12	7.23	391.94	-0.88	0.303	0.0	0.00	1.968	28.314	31.952	111.00	12.37	-38.583	-1.7133
EQU	128	16/12/11	17:53:25	17:53:27	-60.8537	0.0115	-1.02	NaN	12762914.00	411.50	13509219.00	0.14	27.90	965.94	965.69	-0.28	3.31	81.48	43.00	-55.32	9.82	9.64	9.85	0.37	4.62	21.12	7.13	392.31	-0.89	0.312	0.0	0.00	1.972	28.298	31.928	111.10	12.38	-38.583	-1.7131
EQU	0	16/12/11	17:54:54	17:54:56	-60.8561	0.0156	-1.01	NaN	12764900.00	411.40	13508152.00	0.14	27.90	965.93	965.72	-0.40	3.31	79.06	43.00	-55.34	9.82	9.64	9.85	0.37	4.69	21.12	7.13	391.67	-0.85	0.313	0.0	0.00	1.976	28.306	31.935	111.20	12.38	-38.583	-1.7145
EQU	0	16/12/11	17:56:24	17:56:26	-60.8584	0.0195	-1.01	NaN	12767423.00	411.23	13502518.00	0.15	27.90	965.90	965.51	-0.25	3.30	80.04	43.00	-55.33	9.82	9.64	9.85	0.37	4.69	21.12	7.13	392.09	-0.87	0.317	0.0	0.00	1.985	28.286	31.901	111.20	12.39	-38.583	-1.6924
EQU	0	16/12/11	17:57:54	17:57:56	-60.8612	0.0217	-1.00	NaN	12766724.00	410.94	13504876.00	0.14	27.90	965.98	965.75	-0.31	3.31	82.00	43.00	-55.30	9.82	9.64	9.85	0.37	4.69	21.12	7.13	392.31	-0.86	0.321	0.0	0.00	2.020	28.299	31.880	111.20	12.37	-38.583	-1.7089
EQU	0	16/12/11	17:59:24	17:59:26	-60.8637	0.0250	-1.01	NaN	12764301.00	411.04	13513098.00	0.14	27.90	965.90	965.54	-0.25	3.29	81.64	43.00	-55.29	9.82	9.64	9.85	0.37	4.75	21.06	7.13	392.54	-0.88	0.318	0.0	0.00	2.024	28.272	31.844	111.20	12.38	-38.583	-1.7086
EQU	0	16/12/11	18:00:54	18:00:56	-60.8663	0.0282	-1.01	NaN	12767734.00	410.84	13499842.00	0.14	27.89	966.00	965.63	-0.28	3.31	80.76	43.00	-55.28	9.82	9.64	9.85	0.37	4.75	21.06	7.13	392.60	-0.88	0.327	0.0	0.00	2.039	28.267	31.822	111.20	12.38	-38.583	-1.7024
EQU-DRAIN	0	16/12/11	18:02:24	18:02:26	-60.8687	0.0318	-1.01	NaN	12763501.00	410.78	13509065.00	0.14	27.89	965.94	965.60	-0.34	3.31	80.55	43.00	-55.29	9.82	9.64	9.85	0.37	4.87	21.06	7.13	392.46	-0.86	0.327	0.0	0.00	2.037	28.240	31.791	111.20	12.38	-38.583	-1.6800
EQU	0	16/12/11	18:04:15	18:04:17	-60.8721	0.0346	-0.99	NaN	12768398.00	408.45	13510218.00	0.15	27.89	965.90	965.58	-0.28	3.30	80.40	43.00	-55.30	9.82	9.64	9.85	0.37	3.56	21.06	7.13	392.31	-0.83	0.324	0.0	0.00	2.023	28.287	31.862	111.30	12.39	-38.583	-1.7047
EQU	0	16/12/11	18:05:44	18:05:46	-60.8746	0.0348	-1.00	NaN	12766006.00	410.85	13510810.00	0.14	27.89	965.89	965.46	-0.28	3.28	81.64	43.00	-55.31	9.82	9.64	9.85	0.37	4.62	21.12	7.03	392.56	-0.85	0.372	0.0	0.00	2.047	28.356	31.925	111.30	12.38	-38.583	-1.6870
EQU	128	16/12/11	18:07:14	18:07:16	-60.8773	0.0339	-0.99	NaN	12768045.00	410.88	13508156.00	0.14	27.89	965.87	965.52	-0.33	3.29	81.74	43.00	-55.31	9.82	9.64	9.85	0.37	4.62	21.06	7.03	392.81	-0.86	0.333	0.0	0.00	2.101	28.355	31.869	111.10	12.35	-38.583	-1.6799
EQU	0	16/12/11	18:08:44	18:08:46	-60.8801	0.0331	-0.98	NaN	12766994.00	411.29	13510727.00	0.14	27.88	965.84	965.53	-0.33	3.29	80.50	43.00	-55.31	9.83	9.64	9.85	0.37	4.62	21.12	7.03	392.52	-0.84	0.331	0.0	0.00	2.142	28.353	31.825	111.00	12.33	-38.583	-1.6653
EQU	0	16/12/11	18:10:14	18:10:16	-60.8830	0.0325	-0.98	NaN	12766107.00	411.65	13509290.00	0.14	27.88	965.87	965.47	-0.31	3.30	81.17	43.00	-55.30	9.82	9.64	9.85	0.37	4.69	21.12	7.03	392.70	-0.83	0.333	0.0	0.00	2.170	28.403	31.859	111.00	12.31	-38.583	-1.7459
EQU	0	16/12/11	18:11:44	18:11:46	-60.8858	0.0320	-0.96	NaN	12760384.00	412.20	13511762.00	0.14	27.85	965.77	965.37	-0.37	3.27	80.14	43.00	-55.32	9.83	9.64	9.85	0.37	4.69	20.87	7.03	393.60	-0.85	0.390	0.0	0.00	2.196	28.386	31.813	111.10	12.31	-38.583	-1.6631
EQU	128	16/12/11	18:13:14	18:13:16	-60.8887	0.0314	-0.97	NaN	12763014.00	412.64	13508852.00	0.14	27.84	965.90	965.44	-0.35	3.29	79.12	43.00	-55.32	9.82	9.64	9.85	0.37	4.62	20.94	7.03	393.88	-0.84	0.346	0.0	0.00	0.000	0.000	0.000	0.00	0.00	0.000	-1.6483
EQU	0	16/12/11	18:14:44	18:14:46	-60.8917	0.0308	-0.96	NaN	12761377.00	413.37	13510280.00	0.14	27.82	965.87	965.45	-0.30	3.30	81.79	43.00	-55.32	9.82	9.64	9.85	0.37	4.69	20.81	7.03	393.11	-0.82	0.342	0.0	0.00	2.259	28.392	31.757	111.00	12.29	-38.583	-1.6618
EQU	0	16/12/11	18:16:14	18:16:16	-60.8947	0.0302	-0.96	NaN	12759290.00	413.99	13507550.00	0.14	27.81	965.85	965.50	-0.40	3.30	80.19	43.00	-55.32	9.82	9.64	9.85	0.37	4.69	20.94	7.03	393.16	-0.83	0.345	0.0	0.00	2.270	28.393	31.747	111.00	12.29	-38.583	-1.6497
EQU	128	16/12/11	18:17:44	18:17:46	-60.8977	0.0295	-0.96	NaN	12760096.00	413.79	13510444.00	0.14	27.80	965.82	965.39	-0.26	3.29	80.55	43.00	-55.33	9.82	9.64	9.85	0.37	4.81	20.87	6.92	393.02	-0.82	0.339	0.0	0.00	2.278	28.357	31.695	111.10	12.30	-38.583	-1.6444
EQU	0	16/12/11	18:19:14	18:19:16	-60.9007	0.0290	-0.95	NaN	12758981.00	414.06	13513469.00	0.14	27.79	965.86	965.47	-0.61	3.28	79.27	43.00	-55.33	9.82	9.64	9.85	0.37	4.81	20.94	6.92	393.05	-0.82	0.344	0.0	0.00	2.278	28.367	31.707	111.10	12.30	-38.583	-1.6410
EQU	0	16/12/11	18:20:44	18:20:46	-60.9038	0.0284	-0.95	NaN	12763223.00	414.08	13508410.00	0.14	27.77	965.85	965.38	-0.36	3.29	80.04	43.00	-55.31	9.83	9.64	9.85	0.37	4.81	20.94	6.92	393.08	-0.82	0.347	0.0	0.00	2.276	28.296	31.622	111.10	12.31	-38.583	-1.6421
EQU	0	16/12/11	18:22:14	18:22:16	-60.9069	0.0278	-0.95	NaN	12758684.00	414.15	13511838.00	0.14	27.76	965.88	965.36	-0.28	3.30	80.91	43.00	-55.31	9.82	9.64	9.85	0.37	4.94	20.81	6.92	392.88	-0.81	0.340	0.0	0.00	2.256	28.314	31.663	111.10	12.31	-38.583	-1.6408
EQU	128	16/12/11	18:23:44	18:23:47	-60.9100	0.0271	-0.94	NaN	12761426.00	414.27	13509986.00	0.14	27.74	965.81	965.48	-0.39	3.31	80.45	43.00	-55.30	9.83	9.64	9.85	0.37	3.56	20.75	6.92	392.86	-0.80	0.342	0.0	0.00	2.241	28.342	31.713	111.10	12.31	-38.583	-1.6620
EQU	0	16/12/11	18:25:14	18:25:16	-60.9132	0.0278	-0.96	NaN	12757952.00	414.28	13511237.00	0.14	27.71	965.92	965.51	-0.31	3.31	80.91	43.00	-55.32	9.83	9.64	9.85	0.37	4.25	20.75	6.92	392.96	-0.81	0.344	0.0	0.00	2.241	28.376	31.755	111.10	12.31	-38.583	-1.6677
EQU	0	16/12/11	18:26:44	18:26:46	-60.9162	0.0297	-0.97	NaN	12762908.00	414.10	13507734.00	0.14	27.70	965.88	965.47	-0.34	3.31	80.14	43.00	-55.33	9.82	9.64	9.85	0.40	4.62	20.69	6.92	393.22	-0.84	0.343	0.0	0.00	2.249	28.337	31.699	111.10	12.31	-38.583	-1.6604
EQU	0	16/12/11	18:28:14	18:28:16	-60.9193	0.0317	-0.97	NaN	12759303.00	413.60	13511469.00	0.14	27.68	965.90	965.59	-1.01	3.31	79.83	43.00	-55.35	9.83	9.64	9.85	0.37	4.62	20.69	6.92	393.06	-0.83	0.344	0.0	0.00	2.245	28.345	31.712	111.10	12.31	-38.583	-1.6578
EQU	128	16/12/11	18:29:44	18:29:46	-60.9224	0.0337	-0.96	NaN	12758109.00	414.16	13511499.00	0.14	27.66	965.86	965.47	-0.28	3.30	79.37	43.00	-55.32	9.82	9.64	9.85	0.37	4.69	20.69	6.92	393.39	-0.83	0.343	0.0	0.00	2.255	28.410	31.782	111.20	12.31	-38.583	-1.6441
EQU	0	16/12/11	18:31:14	18:31:16	-60.9256	0.0346	-0.95	NaN	12758143.00	417.33	13509617.00	0.14	27.65	965.95	965.47	-0.25	3.29	82.42	43.00	-55.30	9.82	9.64	9.85	0.37	4.81	20.75	6.92	393.57	-0.83	0.345	0.0	0.00	2.294	28.461	31.807	111.10	12.29	-38.583	-1.6481
EQU-DRAIN	0	16/12/11	18:32:44	18:32:46	-60.9287	0.0351	-0.96	NaN	12752621.00	417.74	13508513.00	0.14	27.63	965.84	965.51	-0.28	3.31	82.05	43.00	-55.29	9.82	9.64	9.85	0.37	4.94	20.69	6.92	393.50	-0.83	0.341	0.0	0.00	2.333	28.413	31.709	111.10	12.28	-38.583	-1.6442
EQU	0	16/12/11	18:34:35	18:34:37	-60.9324	0.0334	-0.96	NaN	12762760.00	413.88	13507942.00	0.14	27.61	965.84	965.44	-0.32	3.30	82.11	43.00	-55.33	9.82	9.64	9.85	0.37	3.50	20.62	6.92	393.67	-0.84	0.340	0.0	0.00	2.376	28.434	31.692	111.10	12.27	-38.583	-1.6466
EQU	0	16/12/11	18:36:04	18:36:06	-60.9351	0.0311	-0.95	NaN	12753515.00	417.56	13509262.00	0.14	27.59	965.82	965.17	-0.36	3.31	79.73	43.00	-55.36	9.82	9.64	9.85	0.37	4.50	20.56	6.92	393.35	-0.82	0.338	0.0	0.00	2.403	28.441	31.673	111.10	12.26	-38.583	-1.6993
EQU	128	16/12/11	18:37:34	18:37:36	-60.9375	0.0285	-0.96	NaN	12751944.00	419.67	13510750.00	0.14	27.58	965.83	965.34	-0.32	3.28	79.73	43.00	-55.36	9.82	9.64	9.85	0.37	4.62	20.44	6.92	393.62	-0.83	0.416	0.0	0.00	2.464	28.764	32.009	111.00	12.21	-38.583	-1.6937
EQU	0	16/12/11	18:39:04	18:39:06	-60.9399	0.0259	-1.01	NaN	12751141.00	420.61	13507511.00	0.13	27.55	965.81	965.39	-0.25	3.28	82.11	43.00	-55.34	9.82	9.64	9.85	0.37	4.62	20.37	6.92	394.04	-0.89	0.364	0.0	0.00	2.642	28.927	32.030	110.70	12.11	-38.583	-1.6862
EQU	0	16/12/11	18:40:35	18:40:37	-60.9427	0.0237	-1.00	NaN	12746185.00	423.40	13510393.00	0.13	27.53	965.80	965.36	-0.26	3.30	80.60	43.00	-55.32	9.82	9.64	9.85	0.37	4.62	20.31	6.92	394.14	-0.91	0.346	0.0	0.00	2.815	28.954	31.890	110.50	12.05	-38.583	-1.6808
EQU	0	16/12/11	18:42:04	18:42:06	-60.9455	0.0218	-0.99	NaN	12749298.00	423.92	13508531.00	0.13	27.50	965.85	965.23	-0.28	3.30	82.63	43.00	-55.32	9.82	9.64	9.85	0.37	4.69	20.37	6.92	393.54	-0.89	0.352	0.0	0.00	2.900	29.000	31.862	110.60	12.04	-38.583	-1.6810
EQU	128	16/12/11	18:43:35	18:43:37	-60.9485	0.0201	-0.99	NaN	12745519.00	423.70	13506530.00	0.13	27.48	965.74	965.24	-0.25	3.31	81.48	43.00	-55.33	9.83	9.64	9.85	0.37	4.87	20.31	6.92	393.72	-0.91	0.324	0.0	0.00	2.982	29.006	31.788	110.70	12.04	-38.583	-1.7082
EQU	0	16/12/11	18:45:04	18:45:06	-60.9515	0.0197	-1.01	NaN	12743286.00	424.34	13511255.00	0.13	27.45	965.77	965.32	-0.32	3.30	81.38	43.00	-55.32	9.83	9.64	9.85	0.37	5.00	20.25	6.92	394.00	-0.94	0.334	0.0	0.00	3.061	29.017	31.724	110.80	12.02	-38.583	-1.6856
EQU	0	16/12/11	18:46:34	18:46:36	-60.9546	0.0203	-1.00	NaN	12746719.00	422.99	13510567.00	0.13	27.44	965.76	965.40	-0.33	3.31	80.96	43.00	-55.31	9.82	9.64	9.85	0.37	4.94	20.31	6.92	393.68	-0.92	0.331	0.0	0.00	3.144	29.051	31.683	110.80	12.01	-38.583	-1.6850
EQU	0	16/12/11	18:48:04	18:48:06	-60.9578	0.0216	-0.99	NaN	12750082.00	421.67	13510034.00	0.13	27.41	965.73	965.25	-0.39	3.31	81.85	43.00	-55.31	9.82	9.64	9.85	0.37	3.62	20.25	6.92	393.63	-0.92	0.331	0.0	0.00	3.214	29.090	31.662	110.90	11.99	-38.583	-1.6871
EQU	0	16/12/11	18:49:34	18:49:36	-60.9607	0.0241	-0.99	NaN	12752227.00	420.58	13506091.00	0.13	27.40	965.84	965.48	-0.33	3.30	81.85	43.00	-55.32	9.82	9.64	9.85	0.37	3.87	20.37	6.92	393.79	-0.93	0.328	0.0	0.00	3.277	29.091	31.600	111.00	11.99	-38.583	-1.6821
EQU	0	16/12/11	18:51:04	18:51:06	-60.9634	0.0274	-0.99	NaN	12753106.00	419.99	13508994.00	0.14	27.38	965.81	965.47	-0.24	3.32	81.27	43.00	-55.33	9.82	9.64	9.85	0.37	4.69	20.37	6.82	393.48	-0.91	0.330	0.0	0.00	3.341	29.103	31.552	111.10	11.98	-38.583	-1.6854
EQU	0	16/12/11	18:52:34	18:52:36	-60.9660	0.0314	-0.99	NaN	12751269.00	419.17	13509612.00	0.14	27.36	965.82	965.42	-0.36	3.31	79.12	43.00	-55.35	9.82	9.64	9.85	0.37	4.94	20.37	6.82	393.69	-0.91	0.334	0.0	0.00	3.396	29.096	31.492	111.20	11.98	-38.583	-1.6693
EQU	128	16/12/11	18:54:04	18:54:06	-60.9688	0.0345	-0.99	NaN	12753436.00	418.44	13510532.00	0.14	27.36	965.75	965.42	-0.37	3.32	80.96	43.00	-55.36	9.82	9.64	9.85	0.37	3.50	20.44	6.92	393.69	-0.91	0.333	0.0	0.00	0.000	0.000	0.000	0.00	0.00	0.000	-1.6753
EQU	0	16/12/11	18:55:34	18:55:36	-60.9716	0.0378	-0.98	NaN	12753789.00	418.00	13510895.00	0.13	27.35	965.82	965.50	-0.32	3.32	81.59	43.00	-55.37	9.82	9.64	9.85	0.37	4.12	20.44	6.82	393.84	-0.91	0.344	0.0	0.00	3.487	29.154	31.472	111.30	11.97	-38.583	-1.6664
EQU	0	16/12/11	18:57:04	18:57:06	-60.9742	0.0418	-0.98	NaN	12755105.00	417.59	13510033.00	0.13	27.34	965.83	965.51	-0.31	3.32	82.00	43.00	-55.37	9.82	9.64	9.85	0.37	4.56	20.44	6.92	393.63	-0.90	0.340	0.0	0.00	3.517	29.119	31.400	111.40	11.98	-38.583	-1.6471
EQU	0	16/12/11	18:58:34	18:58:36	-60.9768	0.0458	-0.96	NaN	12756083.00	417.19	13504674.00	0.13	27.32	965.84	965.45	-0.37	3.33	79.93	43.00	-55.35	9.82	9.64	9.85	0.37	4.62	20.37	6.82	393.65	-0.88	0.335	0.0	0.00	3.544	29.136	31.395	111.40	11.97	-38.583	-1.6405
EQU	128	16/12/11	19:00:05	19:00:07	-60.9795	0.0498	-0.95	NaN	12755948.00	417.22	13509326.00	0.13	27.32	965.77	965.42	-0.34	3.31	79.58	43.00	-55.35	9.83	9.64	9.85	0.37	3.44	20.37	6.92	393.56	-0.87	0.338	0.0	0.00	3.559	29.123	31.365	111.40	11.97	-38.583	-1.6387
EQU	0	16/12/11	19:01:34	19:01:36	-60.9821	0.0535	-0.95	NaN	12755358.00	417.01	13509842.00	0.13	27.31	965.81	965.47	-0.35	3.32	81.17	43.00	-55.35	9.83	9.64	9.85	0.37	4.31	20.37	6.82	393.83	-0.87	0.343	0.0	0.00	3.569	29.117	31.349	111.40	11.97	-38.583	-1.6404
EQU-DRAIN	0	16/12/11	19:03:04	19:03:06	-60.9847	0.0578	-0.95	NaN	12753535.00	416.30	13511157.00	0.13	27.30	965.89	965.55	-0.28	3.33	80.76	43.00	-55.34	9.82	9.64	9.85	0.37	4.56	20.31	6.82	393.80	-0.87	0.345	0.0	0.00	3.574	29.091	31.312	111.40	11.97	-38.583	-1.6425
EQU	0	16/12/11	19:04:56	19:04:58	-60.9877	0.0636	-0.96	NaN	12759152.00	412.36	13515046.00	0.13	27.28	965.77	965.49	-0.28	3.32	80.19	43.00	-55.36	9.82	9.64	9.85	0.37	4.62	20.25	6.82	393.99	-0.87	0.338	0.0	0.00	3.584	29.095	31.309	111.40	11.97	-38.583	-1.6458
EQU	0	16/12/11	19:06:24	19:06:26	-60.9900	0.0680	-0.96	NaN	12757823.00	414.59	13508244.00	0.13	27.27	965.77	965.53	-0.28	3.32	80.40	43.00	-55.34	9.83	9.64	9.85	0.37	4.62	20.31	6.92	393.85	-0.88	0.342	0.0	0.00	3.590	29.104	31.312	111.50	11.97	-38.583	-1.6440
EQU	0	16/12/11	19:07:54	19:07:56	-60.9926	0.0723	-0.95	NaN	12758025.00	414.45	13507853.00	0.13	27.26	965.78	965.57	-0.35	3.32	81.02	43.00	-55.34	9.83	9.64	9.85	0.37	4.62	20.25	6.92	394.17	-0.88	0.338	0.0	0.00	3.595	29.116	31.322	111.50	11.97	-38.583	-1.6445
EQU	0	16/12/11	19:09:24	19:09:26	-60.9952	0.0765	-0.96	NaN	12758594.00	414.24	13510804.00	0.13	27.24	965.75	965.56	-0.25	3.33	82.16	43.00	-55.32	9.83	9.64	9.85	0.37	4.75	20.25	6.92	394.10	-0.88	0.345	0.0	0.00	3.599	29.103	31.303	111.50	11.98	-38.583	-1.6467
EQU	0	16/12/11	19:10:54	19:10:56	-60.9978	0.0805	-0.96	NaN	12756336.00	413.84	13513472.00	0.13	27.24	965.75	965.56	-0.40	3.33	80.19	43.00	-55.33	9.83	9.64	9.85	0.37	5.00	20.25	6.82	394.11	-0.87	0.351	0.0	0.00	3.602	29.105	31.303	111.50	11.97	-38.583	-1.6410
EQU	0	16/12/11	19:12:24	19:12:26	-61.0005	0.0842	-0.95	NaN	12760337.00	413.59	13505893.00	0.13	27.22	965.72	965.29	-0.27	3.32	81.12	43.00	-55.35	9.82	9.64	9.85	0.37	5.00	20.31	6.82	394.17	-0.87	0.356	0.0	0.00	3.608	29.134	31.331	111.60	11.98	-38.583	-1.6410
EQU	128	16/12/11	19:13:55	19:13:57	-61.0034	0.0874	-0.95	NaN	12759940.00	413.72	13509273.00	0.14	27.21	965.72	965.43	-0.34	3.32	80.96	43.00	-55.35	9.83	9.64	9.85	0.37	4.94	20.25	6.82	394.40	-0.87	0.357	0.0	0.00	3.608	29.125	31.320	111.50	11.97	-38.583	-1.6351
EQU	0	16/12/11	19:15:24	19:15:26	-61.0063	0.0906	-0.95	NaN	12761219.00	413.26	13509017.00	0.14	27.20	965.70	965.26	-0.39	3.33	81.07	43.00	-55.37	9.82	9.64	9.85	0.37	3.56	20.25	6.82	394.36	-0.87	0.361	0.0	0.00	3.606	29.138	31.338	111.60	11.98	-38.583	-1.6299
EQU	0	16/12/11	19:16:54	19:16:56	-61.0092	0.0938	-0.95	NaN	12760710.00	413.30	13506280.00	0.14	27.18	965.71	965.37	-0.34	3.32	80.24	43.00	-55.36	9.83	9.64	9.85	0.37	3.87	20.25	6.92	394.42	-0.87	0.366	0.0	0.00	3.606	29.140	31.340	111.60	11.98	-38.583	-1.6223
EQU	0	16/12/11	19:18:24	19:18:26	-61.0121	0.0971	-0.94	NaN	12759958.00	413.42	13507944.00	0.14	27.16	965.70	965.33	-0.31	3.32	82.47	43.00	-55.37	9.82	9.64	9.85	0.37	4.62	20.19	6.92	394.39	-0.85	0.364	0.0	0.00	3.608	29.158	31.360	111.70	11.98	-38.583	-1.6216
EQU	0	16/12/11	19:19:54	19:19:56	-61.0150	0.1004	-0.94	NaN	12759648.00	413.55	13512040.00	0.14	27.15	965.65	965.39	-0.27	3.32	80.96	43.00	-55.37	9.83	9.64	9.85	0.37	5.00	20.19	6.92	394.59	-0.86	0.369	0.0	0.00	3.617	29.148	31.338	111.70	11.99	-38.583	-1.6208
EQU	0	16/12/11	19:21:24	19:21:26	-61.0179	0.1037	-0.94	NaN	12759940.00	413.55	13506559.00	0.14	27.14	965.68	965.33	-0.32	3.31	80.35	43.00	-55.38	9.82	9.64	9.85	0.37	4.87	20.19	6.92	394.70	-0.86	0.371	0.0	0.00	3.627	29.168	31.353	111.80	11.99	-38.583	-1.6063
EQU	0	16/12/11	19:22:54	19:22:56	-61.0207	0.1071	-0.93	NaN	12758669.00	413.82	13510784.00	0.13	27.12	965.71	965.25	-0.31	3.32	80.60	43.00	-55.38	9.82	9.64	9.85	0.37	4.75	20.12	6.92	394.47	-0.83	0.363	0.0	0.00	3.633	29.141	31.316	111.80	12.00	-38.583	-1.6129
EQU	128	16/12/11	19:24:24	19:24:26	-61.0236	0.1104	-0.93	NaN	12758237.00	414.06	13507661.00	0.14	27.10	965.59	965.36	-0.28	3.32	80.24	43.00	-55.37	9.82	9.64	9.85	0.37	4.62	20.19	6.92	394.87	-0.85	0.362	0.0	0.00	3.635	29.125	31.294	111.90	12.00	-38.583	-1.6334
EQU	0	16/12/11	19:25:54	19:25:56	-61.0265	0.1134	-0.94	NaN	12758722.00	413.86	13506338.00	0.14	27.09	965.67	965.11	-0.33	3.32	81.33	43.00	-55.35	9.82	9.64	9.85	0.37	4.62	20.12	6.92	395.04	-0.87	0.366	0.0	0.00	3.648	29.183	31.351	112.00	12.00	-38.583	-1.6580
EQU	0	16/12/11	19:27:24	19:27:26	-61.0295	0.1162	-0.97	NaN	12760015.00	413.26	13511459.00	0.14	27.08	965.54	965.16	-0.40	3.33	82.47	43.00	-55.34	9.82	9.64	9.85	0.37	4.62	20.12	6.92	394.93	-0.89	0.374	0.0	0.00	3.660	29.137	31.285	112.00	12.00	-38.583	-1.6745
EQU	0	16/12/11	19:28:54	19:28:56	-61.0325	0.1190	-0.98	NaN	12761345.00	412.76	13510714.00	0.14	27.07	965.61	965.23	-0.36	3.32	81.02	43.00	-55.35	9.82	9.64	9.85	0.37	4.62	20.12	6.92	394.85	-0.90	0.373	0.0	0.00	3.668	29.121	31.259	112.10	12.02	-38.583	-1.6826
EQU	128	16/12/11	19:30:24	19:30:26	-61.0355	0.1219	-0.99	NaN	12762340.00	412.40	13511387.00	0.14	27.05	965.49	965.00	-0.33	3.33	80.09	43.00	-55.33	9.82	9.64	9.85	0.37	4.81	20.12	7.03	394.68	-0.91	0.377	0.0	0.00	3.680	29.129	31.256	112.20	12.02	-38.583	-1.6855
EQU	0	16/12/11	19:31:54	19:31:56	-61.0385	0.1248	-1.00	NaN	12762990.00	412.06	13504717.00	0.14	27.04	965.54	965.20	-0.38	3.32	81.12	43.00	-55.32	9.82	9.64	9.85	0.37	5.00	20.19	7.03	394.79	-0.91	0.374	0.0	0.00	3.691	29.140	31.258	112.30	12.03	-38.583	-1.6830
EQU-DRAIN	0	16/12/11	19:33:24	19:33:26	-61.0415	0.1277	-1.00	NaN	12764109.00	411.72	13505878.00	0.14	27.03	965.56	965.15	-0.29	3.32	82.26	43.00	-55.33	9.82	9.64	9.85	0.37	4.81	20.19	7.03	394.54	-0.90	0.373	0.0	0.00	3.711	29.154	31.256	112.30	12.02	-38.583	-1.6883
EQU	0	16/12/11	19:35:15	19:35:17	-61.0452	0.1312	-1.00	NaN	12767862.00	408.63	13507340.00	0.14	27.02	965.47	965.07	-0.44	3.32	81.74	43.00	-55.35	9.82	9.64	9.85	0.37	5.00	20.12	7.13	394.77	-0.90	0.370	0.0	0.00	3.733	29.149	31.229	112.20	12.02	-38.583	-1.6915
EQU	0	16/12/11	19:36:44	19:36:46	-61.0481	0.1341	-1.00	NaN	12761873.00	410.74	13508548.00	0.14	27.01	965.55	965.15	-0.29	3.32	82.89	43.00	-55.38	9.82	9.64	9.85	0.37	4.81	20.12	7.13	394.97	-0.91	0.377	0.0	0.00	3.750	29.134	31.195	112.10	12.00	-38.583	-1.6859
EQU	0	16/12/11	19:38:14	19:38:16	-61.0511	0.1370	-1.00	NaN	12765972.00	410.85	13509147.00	0.14	27.00	965.52	965.28	-0.35	3.32	80.24	43.00	-55.36	9.82	9.64	9.85	0.37	4.75	20.12	7.13	395.18	-0.91	0.376	0.0	0.00	3.761	29.109	31.154	112.10	12.00	-38.583	-1.6837
EQU	0	16/12/11	19:39:43	19:39:45	-61.0540	0.1399	-1.00	NaN	12766040.00	410.98	13503428.00	0.14	26.99	965.47	965.16	-0.38	3.32	80.09	43.00	-55.34	9.82	9.64	9.85	0.37	4.69	20.06	7.13	395.50	-0.92	0.384	0.0	0.00	3.773	29.092	31.124	111.90	11.98	-38.583	-1.6746
EQU	0	16/12/11	19:41:14	19:41:16	-61.0568	0.1396	-0.99	NaN	12762095.00	410.72	13509350.00	0.14	26.99	965.44	964.97	-0.42	3.32	79.88	43.00	-55.33	9.82	9.64	9.85	0.37	4.62	20.06	7.23	395.60	-0.91	0.388	0.0	0.00	3.784	29.116	31.141	112.00	11.98	-38.583	6592.0000
EQU	0	16/12/11	19:42:44	19:42:46	-61.0597	0.1387	-0.98	NaN	12761435.00	410.74	13516066.00	0.14	26.98	965.49	964.95	-0.31	3.31	81.74	43.00	-55.37	9.82	9.64	9.85	0.37	4.62	20.06	7.23	395.51	-0.88	0.382	0.0	0.00	3.789	29.113	31.133	111.80	11.96	-38.583	-1.6574
EQU	128	16/12/11	19:44:14	19:44:16	-61.0626	0.1372	-0.98	NaN	12766386.00	410.82	13504284.00	0.14	26.97	965.40	964.94	-0.25	3.32	80.76	43.00	-55.39	9.82	9.64	9.85	0.37	4.62	20.06	7.33	395.74	-0.89	0.384	0.0	0.00	3.797	29.133	31.148	111.90	11.97	-38.583	-1.6593
EQU	0	16/12/11	19:45:43	19:45:46	-61.0655	0.1354	-0.98	NaN	12765148.00	410.92	13509311.00	0.14	26.96	965.51	964.96	-0.28	3.31	82.00	43.00	-55.38	9.82	9.64	9.85	0.37	4.81	20.12	7.33	395.84	-0.89	0.382	0.0	0.00	3.801	29.165	31.183	111.80	11.95	-38.583	-1.6682
EQU	0	16/12/11	19:47:14	19:47:16	-61.0685	0.1338	-0.98	NaN	12761969.00	410.57	13514614.00	0.14	26.95	965.45	964.94	-0.34	3.31	80.50	43.00	-55.36	9.82	9.64	9.85	0.37	5.00	20.06	7.33	395.73	-0.89	0.397	0.0	0.00	3.809	29.124	31.127	111.80	11.95	-38.583	-1.6586
EQU	0	16/12/11	19:48:44	19:48:46	-61.0715	0.1322	-0.98	NaN	12767238.00	410.21	13500172.00	0.14	26.94	965.43	965.04	-0.26	3.31	82.26	43.00	-55.36	9.83	9.64	9.85	0.37	4.94	20.06	7.43	395.83	-0.90	0.393	0.0	0.00	3.811	29.121	31.121	111.80	11.96	-38.583	-1.6403
EQU	128	16/12/11	19:50:14	19:50:16	-61.0744	0.1301	-0.96	NaN	12766896.00	410.19	13505978.00	0.14	26.93	965.36	965.02	-0.28	3.30	81.02	43.00	-55.36	9.82	9.64	9.85	0.37	4.81	20.00	7.43	396.00	-0.89	0.389	0.0	0.00	0.000	0.000	0.000	0.00	0.00	0.000	-1.6387
EQU	0	16/12/11	19:51:44	19:51:46	-61.0774	0.1279	-0.96	NaN	12766810.00	410.32	13506916.00	0.14	26.92	965.40	965.02	-0.29	3.29	80.60	43.00	-55.38	9.82	9.64	9.85	0.37	4.75	20.00	7.43	396.18	-0.89	0.396	0.0	0.00	3.801	29.129	31.140	112.00	11.98	-38.583	-1.6248
EQU	0	16/12/11	19:53:14	19:53:16	-61.0803	0.1257	-0.95	NaN	12765892.00	410.50	13508202.00	0.14	26.91	965.42	964.94	-0.25	3.31	80.45	43.00	-55.37	9.82	9.64	9.85	0.37	4.62	20.00	7.43	395.76	-0.86	0.403	0.0	0.00	3.800	29.143	31.157	112.10	11.98	-38.583	-1.6169
EQU	0	16/12/11	19:54:44	19:54:46	-61.0832	0.1235	-0.94	NaN	12766546.00	410.45	13503199.00	0.14	26.90	965.44	964.98	-0.40	3.29	81.22	43.00	-55.36	9.83	9.64	9.85	0.37	4.56	20.00	7.43	395.95	-0.86	0.396	0.0	0.00	3.786	29.121	31.145	112.10	11.99	-38.583	-1.6211
EQU	0	16/12/11	19:56:14	19:56:16	-61.0860	0.1208	-0.95	NaN	12762640.00	410.16	13508425.00	0.14	26.89	965.37	964.76	-0.32	3.31	80.40	43.00	-55.36	9.83	9.64	9.85	0.37	4.62	19.94	7.43	395.74	-0.85	0.400	0.0	0.00	3.775	29.094	31.123	112.20	12.00	-38.583	-1.6171
EQU	0	16/12/11	19:57:44	19:57:46	-61.0888	0.1181	-0.94	NaN	12761019.00	410.66	13510520.00	0.14	26.88	965.36	964.79	-0.32	3.30	81.90	43.00	-55.37	9.82	9.64	9.85	0.37	4.69	19.94	7.43	396.14	-0.86	0.404	0.0	0.00	3.754	29.079	31.127	112.20	12.01	-38.583	-1.6245
EQU	0	16/12/11	19:59:14	19:59:16	-61.0917	0.1153	-0.94	NaN	12760515.00	412.52	13509128.00	0.14	26.86	965.28	964.71	-0.36	3.29	81.12	43.00	-55.38	9.82	9.64	9.85	0.37	3.44	20.00	7.43	395.41	-0.82	0.414	0.0	0.00	3.737	29.074	31.137	112.30	12.03	-38.583	-1.6453
EQU	128	16/12/11	20:00:44	20:00:46	-61.0945	0.1125	-0.96	NaN	12755286.00	414.55	13514270.00	0.14	26.85	965.37	964.78	-0.31	3.29	80.50	43.00	-55.36	9.82	9.64	9.85	0.37	4.25	19.87	7.43	395.90	-0.87	0.410	0.0	0.00	3.734	29.090	31.158	112.20	12.02	-38.583	-1.6639
EQU	0	16/12/11	20:02:14	20:02:16	-61.0973	0.1097	-0.98	NaN	12756462.00	414.12	13511235.00	0.14	26.84	965.29	964.59	-0.35	3.30	79.99	43.00	-55.36	9.82	9.64	9.85	0.37	4.56	19.87	7.43	396.03	-0.90	0.408	0.0	0.00	3.724	29.057	31.128	112.20	12.03	-38.583	-1.6659
EQU-DRAIN	0	16/12/11	20:03:44	20:03:46	-61.1000	0.1064	-0.98	NaN	12765319.00	412.48	13506214.00	0.14	26.82	965.29	964.77	-0.35	3.30	79.63	43.00	-55.37	9.82	9.64	9.85	0.37	4.62	19.75	7.43	395.79	-0.90	0.417	0.0	0.00	3.718	29.043	31.117	112.20	12.03	-38.583	-1.6717
EQU	0	16/12/11	20:05:36	20:05:38	-61.1032	0.1022	-0.99	NaN	12767955.00	408.04	13507211.00	0.14	26.79	965.37	964.82	-0.31	3.29	81.27	43.00	-55.39	9.82	9.64	9.85	0.37	4.69	19.56	7.43	396.04	-0.91	0.424	0.0	0.00	3.709	29.024	31.104	112.20	12.03	-38.583	-1.6777
EQU	0	16/12/11	20:07:04	20:07:06	-61.1057	0.0987	-1.00	NaN	12764048.00	409.26	13511131.00	0.14	26.76	965.32	964.71	-0.35	3.29	79.83	43.00	-55.39	9.82	9.64	9.85	0.37	4.94	19.50	7.43	396.16	-0.92	0.415	0.0	0.00	3.701	29.000	31.084	112.10	12.03	-38.583	-1.6769
EQU	0	16/12/11	20:08:34	20:08:36	-61.1083	0.0954	-1.00	NaN	12766205.00	408.82	13508692.00	0.14	26.74	965.32	964.79	-0.35	3.29	80.35	43.00	-55.38	9.82	9.64	9.85	0.37	3.37	19.50	7.43	395.96	-0.93	0.420	0.0	0.00	3.700	29.036	31.126	112.10	12.02	-38.583	-1.6874
EQU	128	16/12/11	20:10:05	20:10:07	-61.1113	0.0932	-1.01	NaN	12765987.00	408.32	13508484.00	0.14	26.72	965.34	964.83	-0.37	3.29	80.24	43.00	-55.37	9.82	9.64	9.85	0.37	3.94	19.56	7.43	396.09	-0.93	0.421	0.0	0.00	3.693	29.021	31.115	112.10	12.03	-38.583	-1.6797
EQU	0	16/12/11	20:11:34	20:11:36	-61.1144	0.0916	-1.01	NaN	12767847.00	407.78	13501578.00	0.14	26.72	965.32	964.96	-0.33	3.29	79.32	43.00	-55.35	9.82	9.64	9.85	0.37	4.62	19.62	7.43	395.68	-0.93	0.414	0.0	0.00	3.689	29.014	31.111	112.10	12.02	-38.583	-1.6768
EQU	0	16/12/11	20:13:04	20:13:06	-61.1172	0.0907	-1.01	NaN	12767506.00	407.29	13508279.00	0.14	26.70	965.32	964.88	-0.36	3.27	81.22	43.00	-55.38	9.82	9.64	9.85	0.37	4.94	19.62	7.43	396.05	-0.93	0.429	0.0	0.00	3.684	29.001	31.100	112.10	12.02	-38.583	-1.7203
EQU	128	16/12/11	20:14:34	20:14:36	-61.1196	0.0898	-1.04	NaN	12769837.00	406.94	13509428.00	0.14	26.68	965.27	964.88	-0.37	3.28	80.24	43.00	-55.41	9.82	9.64	9.85	0.37	3.37	19.69	7.43	398.13	-0.95	0.445	0.0	0.00	3.678	28.999	31.105	112.10	12.02	-38.583	-1.7214
EQU	0	16/12/11	20:16:04	20:16:06	-61.1223	0.0890	-1.05	NaN	12767540.00	405.97	13514253.00	0.14	26.68	965.31	964.81	-0.35	3.26	82.11	43.00	-55.38	9.82	9.64	9.85	0.37	3.94	19.69	7.33	399.78	-0.94	0.427	0.0	0.00	3.660	28.983	31.102	112.00	12.02	-38.583	-1.7032
EQU	0	16/12/11	20:17:34	20:17:36	-61.1252	0.0881	-1.03	NaN	12771998.00	406.07	13508179.00	0.14	26.67	965.27	964.76	-0.28	3.28	80.29	43.00	-55.39	9.82	9.64	9.85	0.37	4.56	19.62	7.33	397.17	-0.95	0.427	0.0	0.00	3.648	28.936	31.058	112.10	12.04	-38.583	-1.6972
EQU	0	16/12/11	20:19:03	20:19:05	-61.1280	0.0873	-1.02	NaN	12770607.00	406.48	13508290.00	0.13	26.65	965.33	965.01	-0.34	3.28	81.53	43.00	-55.39	9.82	9.64	9.85	0.37	5.00	19.62	7.33	396.15	-0.94	0.456	0.0	0.00	3.672	28.928	31.026	112.10	12.04	-38.583	-1.7289
EQU	128	16/12/11	20:20:34	20:20:36	-61.1307	0.0856	0.00	NaN	12766669.00	406.18	13512795.00	0.14	26.64	965.25	964.81	-0.37	3.27	80.86	43.00	-55.41	9.82	9.64	9.85	0.37	3.44	19.62	7.33	402.54	-0.95	0.456	0.0	0.00	3.663	28.903	31.004	112.30	12.06	-38.583	-1.7781
EQU	0	16/12/11	20:22:04	20:22:06	-61.1332	0.0840	-1.04	NaN	12770021.00	406.56	13504469.00	0.14	26.62	965.28	964.91	-0.33	3.26	80.35	43.00	-55.40	9.82	9.64	9.85	0.37	4.06	19.62	7.33	409.47	-0.96	0.473	0.0	0.00	3.629	28.871	30.999	112.40	12.08	-38.583	-1.7492
EQU	0	16/12/11	20:23:34	20:23:36	-61.1360	0.0843	-1.05	NaN	12771348.00	406.07	13505705.00	0.13	26.61	965.35	964.97	-0.28	3.28	82.32	43.00	-55.39	9.82	9.64	9.85	0.37	4.56	19.62	7.23	405.89	-0.97	0.436	0.0	0.00	3.603	28.840	30.987	112.50	12.10	-38.583	-1.7017
EQU	0	16/12/11	20:25:04	20:25:06	-61.1388	0.0854	-1.03	NaN	12769970.00	406.57	13509284.00	0.13	26.59	965.32	964.96	-0.28	3.24	80.45	43.00	-55.41	9.82	9.64	9.85	0.37	4.81	19.62	7.23	400.73	-0.94	0.431	0.0	0.00	3.579	28.930	31.117	112.60	12.11	-38.583	-1.7794
EQU	0	16/12/11	20:26:34	20:26:36	-61.1411	0.0876	-1.10	NaN	12768207.00	407.29	13510365.00	0.13	26.57	965.25	964.79	-0.28	3.27	81.48	43.00	-55.40	9.82	9.64	9.85	0.37	4.94	19.62	7.23	422.94	-1.01	0.494	0.0	0.00	3.593	28.861	31.021	112.60	12.12	-38.583	-1.7386
EQU	0	16/12/11	20:28:04	20:28:06	-61.1433	0.0889	-1.07	NaN	12767855.00	405.89	13512214.00	0.14	26.56	965.28	964.82	-0.37	3.27	80.14	43.00	-55.38	9.82	9.64	9.85	0.37	3.50	19.62	7.23	409.61	-0.98	0.472	0.0	0.00	3.553	28.832	31.025	112.70	12.13	-38.583	-1.7425
EQU	0	16/12/11	20:29:34	20:29:36	-61.1455	0.0899	-1.07	NaN	12769008.00	406.88	13507946.00	0.14	26.54	965.27	964.92	-0.31	3.26	81.43	43.00	-55.38	9.82	9.64	9.85	0.37	3.75	19.56	7.13	404.84	-0.99	0.557	0.0	0.00	3.577	28.851	31.024	112.50	12.11	-38.583	-1.7647
EQU	128	16/12/11	20:31:04	20:31:06	-61.1479	0.0897	-1.09	NaN	12769648.00	406.57	13511402.00	0.14	26.53	965.24	964.92	-0.38	3.27	81.27	43.00	-55.39	9.83	9.64	9.85	0.37	4.75	19.56	7.13	407.04	-1.01	0.486	0.0	0.00	3.615	28.858	30.998	112.40	12.09	-38.583	-1.7656
EQU	0	16/12/11	20:32:34	20:32:36	-61.1507	0.0885	-1.09	NaN	12768381.00	407.07	13504026.00	0.14	26.52	965.26	964.83	-0.28	3.28	83.63	43.00	-55.38	9.83	9.64	9.85	0.37	4.94	19.62	7.13	402.94	-1.00	0.438	0.0	0.00	3.589	28.850	31.012	112.60	12.12	-38.583	-1.7910
EQU-DRAIN	0	16/12/11	20:34:04	20:34:06	-61.1534	0.0881	-1.09	NaN	12766710.00	407.72	13508630.00	0.14	26.51	965.16	964.74	-0.29	3.25	81.64	43.00	-55.38	9.82	9.64	9.85	0.37	3.50	19.62	7.13	415.77	-1.00	0.508	0.0	0.00	3.578	28.835	31.006	112.80	12.14	-38.583	-1.7834
EQU	0	16/12/11	20:35:55	20:35:57	-61.1562	0.0867	-1.11	NaN	12771622.00	404.18	13512042.00	0.14	26.50	965.14	964.72	-0.31	3.26	80.45	43.00	-55.40	9.82	9.64	9.85	0.37	4.12	19.62	7.13	416.77	-1.01	0.443	0.0	0.00	3.567	28.809	30.984	112.90	12.15	-38.583	-1.7748
EQU	0	16/12/11	20:37:23	20:37:25	-61.1583	0.0858	-1.09	NaN	12768304.00	406.95	13508372.00	0.14	26.48	965.27	964.75	-0.30	3.22	81.02	43.00	-55.40	9.82	9.64	9.85	0.37	4.56	19.62	7.13	408.50	-1.00	0.482	0.0	0.00	3.558	28.801	30.984	112.90	12.16	-38.583	-1.7994
EQU	0	16/12/11	20:38:54	20:38:56	-61.1607	0.0854	-1.12	NaN	12769129.00	406.56	13508565.00	0.14	26.46	965.23	964.77	-0.30	3.26	81.59	43.00	-55.40	9.82	9.64	9.85	0.37	4.81	19.56	7.03	424.22	-1.03	0.452	0.0	0.00	3.572	28.790	30.958	112.90	12.16	-38.583	-1.8136
EQU	128	16/12/11	20:40:24	20:40:26	-61.1633	0.0849	-1.12	NaN	12768046.00	407.08	13508204.00	0.14	26.45	965.25	964.76	-0.40	3.25	81.12	43.00	-55.40	9.82	9.64	9.85	0.37	4.87	19.56	7.03	413.74	-1.04	0.468	0.0	0.00	0.000	0.000	0.000	0.00	0.00	0.000	-1.8074
EQU	0	16/12/11	20:41:54	20:41:56	-61.1660	0.0842	-1.12	NaN	12770758.00	406.91	13501631.00	0.14	26.44	965.27	964.91	-0.25	3.26	81.69	43.00	-55.41	9.83	9.64	9.85	0.37	4.69	19.56	7.03	411.45	-1.04	0.463	0.0	0.00	3.536	28.758	30.954	113.10	12.19	-38.583	-1.8073
EQU	0	16/12/11	20:43:24	20:43:26	-61.1683	0.0835	-1.12	NaN	12767333.00	407.13	13512127.00	0.14	26.43	965.18	964.72	-0.32	3.25	82.37	43.00	-55.42	9.83	9.64	9.85	0.37	4.62	19.56	7.03	412.33	-1.03	0.456	0.0	0.00	3.519	28.739	30.946	113.10	12.19	-38.583	-1.7982
EQU	0	16/12/11	20:44:54	20:44:56	-61.1706	0.0819	-1.12	NaN	12769207.00	406.99	13505809.00	0.14	26.42	965.23	964.70	-0.40	3.24	80.29	43.00	-55.42	9.83	9.64	9.85	0.37	4.56	19.56	6.92	406.16	-1.02	0.454	0.0	0.00	3.516	28.741	30.953	113.10	12.19	-38.583	-1.7989
EQU	0	16/12/11	20:46:24	20:46:26	-61.1730	0.0798	-1.12	NaN	12766907.00	407.34	13508419.00	0.14	26.41	965.08	964.57	-0.34	3.25	80.91	43.00	-55.40	9.82	9.64	9.85	0.37	4.62	19.56	7.03	403.89	-1.02	0.524	0.0	0.00	3.504	28.735	30.957	113.10	12.19	-38.583	-1.8083
EQU	0	16/12/11	20:47:54	20:47:56	-61.1751	0.0775	-1.11	NaN	12771986.00	407.19	13500379.00	0.14	26.41	965.25	964.63	-0.32	3.23	79.58	43.00	-55.40	9.83	9.64	9.85	0.37	4.94	19.62	6.92	402.33	-1.03	0.492	0.0	0.00	3.480	28.709	30.948	113.10	12.21	-38.583	-1.8321
EQU	0	16/12/11	20:49:24	20:49:26	-61.1769	0.0743	-1.12	NaN	12769026.00	406.55	13507929.00	0.14	26.39	965.09	964.54	-0.41	3.24	79.88	43.00	-55.39	9.83	9.64	9.85	0.37	3.37	19.62	6.92	405.44	-1.05	0.540	0.0	0.00	3.483	28.726	30.966	113.20	12.22	-38.583	-1.7977
EQU	128	16/12/11	20:50:54	20:50:56	-61.1795	0.0717	-1.12	NaN	12769910.00	406.12	13505095.00	0.14	26.38	965.15	964.72	-0.28	3.25	79.93	43.00	-55.40	9.83	9.64	9.85	0.37	3.94	19.62	6.92	404.37	-1.04	0.433	0.0	0.00	0.000	0.000	0.000	0.00	0.00	0.000	-1.7886
EQU	0	16/12/11	20:52:24	20:52:26	-61.1827	0.0698	-1.11	NaN	12767925.00	406.88	13508892.00	0.14	26.38	965.14	964.67	-0.28	3.24	81.07	43.00	-55.39	9.83	9.64	9.85	0.37	4.56	19.56	6.92	402.04	-1.03	0.445	0.0	0.00	3.468	28.657	30.898	113.30	12.23	-38.583	-1.7654
STD1	0	16/12/11	20:56:51	20:56:53	-61.1936	0.0662	-1.08	0.00	13539606.00	-0.10	13533968.00	-0.31	26.34	965.09	964.67	-0.18	3.27	191.51	43.00	-55.33	9.83	9.64	9.85	0.37	4.62	19.50	6.92	397.59	-1.00	0.432	0.0	0.00	3.385	28.698	31.026	113.40	12.27	-38.583	-1.7355
STD2	0	16/12/11	21:01:21	21:01:23	-61.2053	0.0667	-1.06	357.83	12843480.00	357.66	13539559.00	-0.29	26.30	965.01	964.71	-0.16	3.26	52.03	43.00	-55.50	9.83	9.64	9.85	0.37	4.69	19.44	6.82	396.27	-0.98	0.429	0.0	0.00	3.300	28.713	31.125	113.30	12.27	-38.583	-1.7048
STD3-DRAIN	0	16/12/11	21:05:51	21:05:53	-61.2172	0.0680	-1.03	377.50	12810740.00	377.50	13542203.00	-0.30	26.27	964.97	964.63	-0.22	3.27	61.25	43.00	-55.37	9.83	9.64	9.85	0.37	4.69	19.50	6.72	396.67	-0.95	0.432	0.0	0.00	3.294	28.767	31.197	113.00	12.23	-38.583	-1.6966
STD4	0	16/12/11	21:10:42	21:10:44	-61.2297	0.0651	-1.00	427.83	12737933.00	428.16	13541249.00	-0.30	26.24	964.95	964.41	-0.41	3.28	51.62	43.00	-55.36	9.83	9.64	9.85	0.37	4.56	19.44	6.72	396.57	-0.93	0.431	0.0	0.00	3.321	28.710	31.102	113.40	12.27	-38.583	-1.6887
ATM	0	16/12/11	21:15:11	21:15:13	-61.2412	0.0595	-1.04	NaN	12796176.00	389.06	13485525.00	0.44	26.19	964.76	964.49	-0.16	3.29	96.10	43.00	-55.36	9.83	9.64	9.85	0.37	4.94	19.44	6.62	396.22	-0.95	0.429	0.0	0.00	3.318	28.741	31.142	113.60	12.29	-38.583	-1.7067
ATM	0	16/12/11	21:16:40	21:16:42	-61.2449	0.0579	-1.04	NaN	12795350.00	388.90	13488258.00	0.44	26.18	964.85	964.39	-0.21	3.29	96.04	43.00	-55.36	9.83	9.64	9.85	0.37	4.69	19.37	6.62	396.51	-0.96	0.440	0.0	0.00	3.318	28.691	31.083	113.60	12.30	-38.583	-1.7114
ATM	0	16/12/11	21:18:11	21:18:13	-61.2487	0.0570	-1.04	NaN	12796631.00	388.93	13484359.00	0.44	26.16	964.81	964.37	-0.22	3.28	95.64	43.00	-55.35	9.83	9.64	9.85	0.37	4.56	19.37	6.62	396.08	-0.95	0.431	0.0	0.00	3.313	28.696	31.094	113.70	12.31	-38.583	-1.7195
ATM	0	16/12/11	21:19:40	21:19:42	-61.2523	0.0573	-1.04	NaN	12796444.00	388.97	13487770.00	0.44	26.15	964.86	964.59	-0.16	3.29	95.64	43.00	-55.35	9.83	9.64	9.85	0.37	4.56	19.37	6.62	395.92	-0.96	0.431	0.0	0.00	3.300	28.702	31.113	113.70	12.32	-38.583	-1.7128
ATM	0	16/12/11	21:21:10	21:21:12	-61.2561	0.0579	-1.04	NaN	12793220.00	389.01	13487554.00	0.43	26.13	964.81	964.59	-0.22	3.29	96.04	43.00	-55.35	9.83	9.64	9.85	0.37	4.69	19.37	6.62	395.85	-0.95	0.436	0.0	0.00	3.413	29.391	31.826	113.50	12.20	-38.583	-1.7161
ATM	0	16/12/11	21:22:41	21:22:43	-61.2600	0.0591	-1.04	NaN	12795743.00	389.09	13487976.00	0.43	26.13	964.84	964.46	-1.02	3.30	96.50	43.00	-55.44	9.83	9.64	9.85	0.37	5.00	19.37	6.62	0.00	0.00	0.442	0.0	0.00	3.606	29.782	32.103	113.20	12.09	-38.583	-1.7167
ATM	0	16/12/11	21:24:15	21:24:17	-61.2642	0.0602	-1.04	NaN	12795970.00	389.04	13487779.00	0.43	26.12	964.86	964.43	-0.17	3.30	95.75	43.00	-55.44	9.83	9.64	9.85	0.37	4.87	19.37	6.52	396.46	-0.95	0.436	0.0	0.00	3.793	29.980	32.154	112.90	12.00	-38.583	-1.7024
ATM	0	16/12/11	21:25:40	21:25:42	-61.2680	0.0612	-1.04	NaN	12795924.00	389.06	13487665.00	0.42	26.11	964.80	964.49	-0.18	3.30	96.10	43.00	-55.43	9.83	9.64	9.85	0.37	4.62	19.37	6.52	395.71	-0.94	0.432	0.0	0.00	3.934	29.092	30.970	113.00	12.06	-38.583	-1.6929
ATM	0	16/12/11	21:27:10	21:27:12	-61.2720	0.0622	-1.02	NaN	12796183.00	389.01	13487302.00	0.42	26.10	964.75	964.19	-0.25	3.29	95.93	43.00	-55.36	9.83	9.64	9.85	0.37	4.56	19.37	6.52	395.30	-0.93	0.430	0.0	0.00	3.943	28.838	30.664	113.10	12.09	-38.583	-1.6813
ATM	0	16/12/11	21:28:41	21:28:43	-61.2755	0.0620	-1.02	NaN	12800656.00	389.04	13473535.00	0.42	26.10	964.76	964.31	-0.27	3.29	95.87	43.00	-55.37	9.83	9.64	9.85	0.37	4.56	19.37	6.52	395.04	-0.94	0.424	0.0	0.00	3.824	28.457	30.327	113.60	12.21	-38.583	-1.6810
EQU-DRAIN	0	16/12/11	21:33:36	21:33:38	-61.2846	0.0490	-1.01	NaN	12761197.00	412.14	13505913.00	0.18	26.07	964.68	963.99	-0.30	3.30	79.42	50.00	-55.42	9.83	9.64	9.85	0.37	5.00	19.31	6.42	394.74	-0.94	0.419	0.0	0.00	3.414	28.413	30.659	114.80	12.43	-38.583	-1.6888
EQU	0	16/12/11	21:35:25	21:35:27	-61.2882	0.0431	-1.02	NaN	12766949.00	408.25	13504290.00	0.18	26.06	964.63	964.06	-0.25	3.29	80.35	50.00	-55.39	9.83	9.64	9.85	0.37	3.37	19.25	6.42	394.71	-0.95	0.434	0.0	0.00	3.331	28.380	30.698	114.80	12.45	-38.583	-1.6958
EQU	0	16/12/11	21:36:54	21:36:56	-61.2914	0.0392	-1.03	NaN	12764581.00	408.27	13507066.00	0.16	26.05	964.61	963.83	-0.35	3.29	81.48	50.00	-55.35	9.82	9.64	9.85	0.37	4.25	19.12	6.42	394.31	-0.94	0.434	0.0	0.00	3.274	28.339	30.704	114.80	12.48	-38.583	-1.6956
EQU	128	16/12/11	21:38:24	21:38:26	-61.2950	0.0360	-1.03	NaN	12767591.00	408.00	13506663.00	0.16	26.03	964.71	964.15	-0.36	3.27	79.63	50.00	-55.37	9.83	9.64	9.85	0.37	4.50	19.06	6.42	394.37	-0.95	0.419	0.0	0.00	3.234	28.362	30.769	114.60	12.47	-38.583	-1.6720
EQU	0	16/12/11	21:39:54	21:39:56	-61.2987	0.0330	-1.01	NaN	12767279.00	407.99	13500050.00	0.16	26.02	964.72	964.11	-0.40	3.29	80.04	50.00	-55.41	9.83	9.64	9.85	0.37	4.69	19.19	6.42	393.97	-0.93	0.416	0.0	0.00	3.216	28.986	31.534	114.60	12.40	-38.583	-1.6650
EQU	0	16/12/11	21:41:24	21:41:26	-61.3021	0.0296	-1.00	NaN	12765484.00	408.70	13507712.00	0.15	26.02	964.63	963.90	-0.34	3.29	84.16	50.00	-55.42	9.82	9.64	9.85	0.37	3.25	19.19	6.42	393.77	-0.93	0.420	0.0	0.00	3.200	28.933	31.487	114.50	12.40	-38.583	-1.6738
EQU	0	16/12/11	21:42:53	21:42:55	-61.3057	0.0263	-1.01	NaN	12765556.00	409.14	13507250.00	0.15	26.00	964.59	963.92	-0.40	3.29	83.15	50.00	-55.42	9.83	9.64	9.85	0.37	4.06	19.19	6.42	393.96	-0.93	0.420	0.0	0.00	3.181	28.874	31.434	114.40	12.40	-38.583	-1.6746
EQU	128	16/12/11	21:44:25	21:44:27	-61.3094	0.0229	-1.01	NaN	12763962.00	409.28	13507172.00	0.15	25.99	964.46	964.09	-0.36	3.28	81.74	50.00	-55.40	9.83	9.64	9.85	0.37	4.50	19.19	6.42	393.61	-0.94	0.417	0.0	0.00	3.158	28.914	31.504	114.30	12.40	-38.583	-1.6745
EQU	0	16/12/11	21:45:54	21:45:56	-61.3130	0.0197	-1.01	NaN	12763704.00	409.32	13505148.00	0.14	25.98	964.56	963.94	-0.30	3.29	82.73	50.00	-55.37	9.83	9.64	9.85	0.37	4.87	19.12	6.31	392.94	-0.92	0.414	0.0	0.00	3.142	28.919	31.527	114.30	12.39	-38.583	-1.6767
EQU	0	16/12/11	21:47:24	21:47:26	-61.3167	0.0164	-1.01	NaN	12768597.00	409.44	13504630.00	0.14	25.97	964.52	963.74	-0.28	3.29	82.11	50.00	-55.40	9.83	9.64	9.85	0.37	3.25	19.19	6.31	393.30	-0.94	0.406	0.0	0.00	3.134	28.960	31.584	114.20	12.38	-38.583	-1.6794
EQU	0	16/12/11	21:48:53	21:48:55	-61.3200	0.0126	-1.01	NaN	12763219.00	409.56	13504882.00	0.14	25.97	964.52	963.73	-0.27	3.28	82.63	50.00	-55.41	9.82	9.64	9.85	0.37	3.81	19.19	6.31	393.33	-0.94	0.422	0.0	0.00	3.114	28.876	31.501	114.00	12.38	-38.583	-1.6795
EQU	0	16/12/11	21:50:24	21:50:26	-61.3233	0.0083	-1.02	NaN	12766529.00	409.53	13506214.00	0.14	25.96	964.51	963.93	-1.07	3.28	84.95	50.00	-55.42	9.83	9.64	9.85	0.37	4.62	19.12	6.31	393.38	-0.94	0.400	0.0	0.00	3.095	28.893	31.541	114.00	12.37	-38.583	-1.6775
EQU	0	16/12/11	21:51:53	21:51:55	-61.3266	0.0041	-1.02	NaN	12764454.00	409.63	13503347.00	0.14	25.95	964.59	963.97	-0.20	3.28	83.21	50.00	-55.42	9.83	9.64	9.85	0.37	4.94	19.12	6.31	393.12	-0.93	0.407	0.0	0.00	3.062	28.908	31.591	114.00	12.38	-38.583	-1.6822
EQU	0	16/12/11	21:53:23	21:53:25	-61.3300	0.0004	-1.02	NaN	12763106.00	409.53	13508580.00	0.14	25.94	964.54	964.07	-0.34	3.29	82.42	50.00	-55.43	9.83	9.64	9.85	0.37	4.62	19.06	6.31	393.25	-0.94	0.403	0.0	0.00	3.027	28.881	31.593	113.90	12.38	-38.583	-1.6930
EQU	16384	16/12/11	21:54:54	21:54:56	-61.3334	-0.0022	-1.03	NaN	12762356.00	409.44	13510340.00	0.13	25.93	964.62	964.03	-0.32	3.29	82.52	50.00	-55.42	9.83	9.64	9.85	0.37	4.50	19.06	6.31	392.99	-0.93	0.398	0.0	0.00	2.985	28.890	31.645	113.90	12.40	-38.583	-1.6907
EQU	0	16/12/11	21:56:24	21:56:26	-61.3368	-0.0044	-1.03	NaN	12767111.00	409.48	13509234.00	0.13	25.92	964.60	964.12	-0.23	3.28	81.79	50.00	-55.42	9.83	9.64	9.85	0.37	4.62	19.06	6.31	393.36	-0.95	0.403	0.0	0.00	2.943	28.913	31.714	113.90	12.40	-38.583	-1.6938
EQU	0	16/12/11	21:57:54	21:57:56	-61.3402	-0.0065	-1.03	NaN	12762829.00	409.38	13505586.00	0.13	25.91	964.52	963.95	-0.37	3.29	84.37	50.00	-55.42	9.83	9.64	9.85	0.37	4.94	19.06	6.31	393.37	-0.95	0.400	0.0	0.00	2.914	28.913	31.743	113.90	12.40	-38.583	-1.6806
EQU	0	16/12/11	21:59:24	21:59:26	-61.3435	-0.0082	-1.03	NaN	12766614.00	409.63	13505423.00	0.13	25.90	964.59	964.12	-0.38	3.29	83.58	50.00	-55.44	9.83	9.64	9.85	0.37	4.81	19.00	6.31	393.09	-0.94	0.400	0.0	0.00	2.904	28.926	31.769	113.80	12.39	-38.583	-1.7643
EQU	128	16/12/11	22:00:53	22:00:55	-61.3457	-0.0104	-1.03	NaN	12765823.00	409.93	13505729.00	0.13	25.88	964.59	964.04	-0.32	3.19	83.00	50.00	-55.44	9.83	9.64	9.85	0.37	4.69	19.00	6.21	408.14	-1.00	0.959	0.0	0.00	0.000	0.000	0.000	0.00	0.00	0.000	-1.8470
EQU	0	16/12/11	22:02:23	22:02:26	-61.3478	-0.0129	-1.13	NaN	12776119.00	404.20	13505748.00	0.13	25.87	964.57	964.20	-0.34	3.16	84.95	50.00	-55.44	9.83	9.64	9.85	0.37	4.56	19.00	6.21	480.50	-0.99	0.468	0.0	0.00	3.008	29.027	31.787	113.40	12.32	-38.583	-1.8269
EQU-DRAIN	0	16/12/11	22:03:53	22:03:56	-61.3508	-0.0123	-1.10	NaN	12768013.00	407.11	13508470.00	0.13	25.85	964.55	964.10	-0.31	3.19	84.00	50.00	-55.42	9.83	9.64	9.85	0.37	4.56	19.00	6.21	462.16	-1.02	0.433	0.0	0.00	3.037	29.026	31.758	113.00	12.26	-38.583	-1.8287
EQU	0	16/12/11	22:05:45	22:05:47	-61.3554	-0.0119	-1.14	NaN	12763069.00	409.45	13513946.00	0.14	25.85	964.49	964.10	-0.33	3.21	83.10	50.00	-55.42	9.83	9.64	9.85	0.37	4.62	19.19	6.21	426.72	-1.05	0.422	0.0	0.00	3.020	28.981	31.721	113.20	12.30	-38.583	-1.7883
EQU	0	16/12/11	22:07:13	22:07:15	-61.3593	-0.0110	-1.14	NaN	12759675.00	413.60	13507873.00	0.14	25.84	964.47	963.82	-0.32	3.23	84.53	50.00	-55.42	9.83	9.64	9.85	0.37	5.00	19.19	6.21	411.40	-1.01	0.397	0.0	0.00	3.041	28.927	31.636	113.20	12.30	-38.583	-1.7585
EQU	128	16/12/11	22:08:43	22:08:45	-61.3634	-0.0100	-1.10	NaN	12757444.00	415.70	13504920.00	0.14	25.85	964.48	964.05	-0.34	3.23	84.26	50.00	-55.40	9.82	9.64	9.85	0.37	4.81	19.25	6.21	404.20	-0.97	0.391	0.0	0.00	3.064	28.976	31.671	113.30	12.30	-38.583	-1.7396
EQU	0	16/12/11	22:10:14	22:10:16	-61.3676	-0.0089	-1.08	NaN	12751788.00	418.25	13505697.00	0.14	25.85	964.46	964.02	-0.30	3.26	83.21	50.00	-55.43	9.83	9.64	9.85	0.37	4.62	19.31	6.21	400.42	-0.95	0.392	0.0	0.00	3.064	28.985	31.682	113.50	12.32	-38.583	-1.7145
EQU	0	16/12/11	22:11:43	22:11:45	-61.3718	-0.0079	-1.06	NaN	12748883.00	419.70	13505142.00	0.14	25.85	964.52	964.20	-0.35	3.28	83.26	50.00	-55.42	9.83	9.64	9.85	0.37	4.56	19.25	6.21	398.13	-0.97	0.388	0.0	0.00	3.065	29.012	31.715	113.70	12.34	-38.583	-1.6919
EQU	0	16/12/11	22:13:13	22:13:15	-61.3759	-0.0063	-1.03	NaN	12742598.00	421.72	13509849.00	0.14	25.87	964.52	964.08	-0.40	3.29	82.84	50.00	-55.43	9.83	9.64	9.85	0.37	4.56	19.25	6.21	395.76	-0.96	0.397	0.0	0.00	3.045	29.002	31.721	114.00	12.37	-38.583	-1.6803
EQU	128	16/12/11	22:14:43	22:14:45	-61.3800	-0.0047	-1.02	NaN	12739351.00	424.69	13508594.00	0.14	25.88	964.46	964.09	-0.25	3.29	83.79	50.00	-55.41	9.83	9.64	9.85	0.37	4.75	19.19	6.11	393.69	-0.95	0.387	0.0	0.00	0.000	0.000	0.000	0.00	0.00	0.000	-1.6761
EQU	0	16/12/11	22:16:13	22:16:15	-61.3841	-0.0042	-1.01	NaN	12733690.00	425.36	13529020.00	0.14	25.86	964.38	964.00	-0.37	3.29	85.38	50.00	-55.42	9.83	9.64	9.85	0.37	4.94	19.12	6.11	393.17	-0.94	0.384	0.0	0.00	2.990	28.969	31.735	114.70	12.47	-38.583	-1.6710
EQU	0	16/12/11	22:17:43	22:17:45	-61.3880	-0.0060	-1.00	NaN	12738758.00	424.98	13510740.00	0.14	25.86	964.34	963.85	-0.34	3.29	83.47	50.00	-55.42	9.82	9.64	9.85	0.37	3.50	19.06	6.11	392.75	-0.93	0.390	0.0	0.00	2.972	29.022	31.817	114.90	12.48	-38.583	-1.6588
EQU	0	16/12/11	22:19:13	22:19:15	-61.3919	-0.0089	-1.00	NaN	12742325.00	425.32	13507797.00	0.14	25.86	964.31	963.87	-0.37	3.29	83.26	50.00	-55.44	9.83	9.64	9.85	0.37	3.69	19.12	6.11	392.64	-0.92	0.388	0.0	0.00	2.959	29.045	31.859	114.90	12.50	-38.583	-1.6645
EQU	128	16/12/11	22:20:43	22:20:45	-61.3958	-0.0118	-1.00	NaN	12736444.00	427.44	13512053.00	0.14	25.85	964.33	963.82	-0.27	3.30	65.44	50.00	-55.43	9.83	9.64	9.85	0.37	4.75	19.06	6.11	392.47	-0.93	0.387	0.0	0.00	2.950	29.030	31.849	115.00	12.51	-38.583	-1.6680
EQU	0	16/12/11	22:22:13	22:22:15	-61.3995	-0.0145	-1.00	NaN	12738234.00	426.82	13503037.00	0.14	25.84	964.32	963.77	-0.44	3.30	92.17	52.00	-55.42	9.83	9.64	9.85	0.37	4.75	19.06	6.11	392.40	-0.92	0.388	0.0	0.00	2.949	29.015	31.831	115.00	12.51	-38.583	-1.6640
EQU	0	16/12/11	22:23:43	22:23:45	-61.4031	-0.0169	-1.01	NaN	12738373.00	426.63	13521036.00	0.14	25.84	964.31	963.78	-0.28	3.29	83.68	52.00	-55.41	9.83	9.64	9.85	0.37	4.56	19.06	6.11	392.30	-0.93	0.392	0.0	0.00	2.947	29.006	31.822	115.10	12.52	-38.583	-1.6559
EQU	128	16/12/11	22:25:13	22:25:15	-61.4061	-0.0199	-1.00	NaN	12742459.00	425.29	13501656.00	0.13	25.83	964.23	963.66	-0.37	3.29	85.86	52.00	-55.43	9.83	9.64	9.85	0.37	4.56	19.06	6.11	392.34	-0.92	0.393	0.0	0.00	2.961	28.998	31.799	115.00	12.50	-38.583	-1.6517
EQU	0	16/12/11	22:26:43	22:26:45	-61.4088	-0.0234	-0.99	NaN	12740192.00	424.28	13514957.00	0.14	25.84	964.20	963.48	-0.37	3.30	85.06	52.00	-55.42	9.83	9.64	9.85	0.37	4.69	19.06	6.11	392.02	-0.91	0.388	0.0	0.00	2.967	29.010	31.808	115.00	12.50	-38.583	-1.6874
EQU	0	16/12/11	22:28:13	22:28:15	-61.4118	-0.0240	-1.02	NaN	12746289.00	423.42	13505795.00	0.13	25.83	964.30	963.72	-0.30	3.30	85.43	52.00	-55.42	9.83	9.64	9.85	0.37	5.00	19.00	6.01	392.29	-0.93	0.396	0.0	0.00	2.973	29.046	31.845	115.00	12.49	-38.583	-1.7589
EQU	0	16/12/11	22:29:43	22:29:45	-61.4146	-0.0239	-1.08	NaN	12744678.00	422.63	13507259.00	0.13	25.81	964.11	963.36	-0.31	3.25	83.21	52.00	-55.41	9.82	9.64	9.85	0.37	4.75	19.00	6.11	401.63	-1.00	0.460	0.0	0.00	3.003	28.981	31.737	114.90	12.48	-38.583	-1.7432
EQU	128	16/12/11	22:31:13	22:31:15	-61.4176	-0.0253	-1.08	NaN	12747147.00	420.24	13508812.00	0.13	25.80	964.17	963.77	-0.28	3.28	85.06	52.00	-55.42	9.83	9.64	9.85	0.37	4.56	19.00	6.01	396.84	-1.00	0.400	0.0	0.00	3.022	28.987	31.726	114.80	12.47	-38.583	0.0000
EQU	0	16/12/11	22:32:43	22:32:45	-61.4209	-0.0268	-1.06	NaN	12748499.00	420.16	13509546.00	0.13	25.79	964.06	963.51	-0.35	3.27	84.95	52.00	-55.41	9.82	9.64	9.85	0.37	4.56	18.94	6.01	393.21	-0.98	0.396	0.0	0.00	3.026	28.931	31.655	114.80	12.48	-38.583	-1.7083
EQU-DRAIN	0	16/12/11	22:34:13	22:34:15	-61.4243	-0.0286	-1.05	NaN	12749533.00	420.54	13512836.00	0.14	25.78	964.13	963.77	-0.44	3.28	84.85	52.00	-55.43	9.83	9.64	9.85	0.37	4.75	18.94	6.01	391.83	-0.97	0.395	0.0	0.00	3.088	28.954	31.621	114.70	12.45	-38.583	-1.7048
EQU	0	16/12/11	22:36:04	22:36:06	-61.4288	-0.0298	-1.05	NaN	12755583.00	416.72	13509840.00	0.14	25.77	964.16	963.79	-0.25	3.29	85.22	52.00	-55.42	9.83	9.64	9.85	0.37	4.75	18.94	6.01	391.16	-0.97	0.394	0.0	0.00	3.100	28.994	31.657	114.50	12.42	-38.583	-1.7098
EQU	0	16/12/11	22:37:34	22:37:36	-61.4324	-0.0305	-1.05	NaN	12761666.00	414.50	13503845.00	0.14	25.76	964.10	963.72	-0.25	3.29	85.43	52.00	-55.43	9.83	9.64	9.85	0.37	4.87	18.94	6.01	391.08	-0.97	0.397	0.0	0.00	3.087	28.958	31.627	114.50	12.42	-38.583	-1.7144
EQU	128	16/12/11	22:39:03	22:39:05	-61.4357	-0.0295	-1.05	NaN	12755818.00	414.81	13508227.00	0.13	25.75	964.23	963.92	-0.27	3.31	84.63	52.00	-55.40	9.83	9.64	9.85	0.37	3.50	18.94	6.01	391.24	-0.97	0.402	0.0	0.00	3.067	28.933	31.616	114.40	12.43	-38.583	-1.7142
EQU	0	16/12/11	22:40:33	22:40:35	-61.4387	-0.0264	-1.05	NaN	12757714.00	414.13	13508919.00	0.14	25.74	964.07	963.56	-0.28	3.29	106.55	52.00	-55.42	9.83	9.64	9.85	0.37	3.69	19.00	6.01	390.96	-0.97	0.413	0.0	0.00	3.047	28.872	31.562	114.30	12.42	-38.583	-1.7039
EQU	0	16/12/11	22:42:03	22:42:05	-61.4419	-0.0249	-1.05	NaN	12759244.00	414.12	13504220.00	0.14	25.73	964.01	963.51	-0.31	3.31	83.89	52.00	-55.41	9.83	9.64	9.85	0.37	4.75	19.00	6.01	391.04	-0.97	0.405	0.0	0.00	3.030	28.892	31.603	114.30	12.42	-38.583	-1.7044
EQU	0	16/12/11	22:43:33	22:43:35	-61.4448	-0.0266	-1.05	NaN	12758748.00	413.88	13506466.00	0.14	25.72	963.99	963.57	-0.27	3.30	84.90	52.00	-55.42	9.83	9.64	9.85	0.37	4.81	18.94	6.01	390.90	-0.96	0.409	0.0	0.00	3.029	28.905	31.620	114.50	12.44	-38.583	-1.7220
EQU	128	16/12/11	22:45:03	22:45:05	-61.4479	-0.0276	-1.06	NaN	12758917.00	413.62	13507448.00	0.13	25.71	964.02	963.34	-0.25	3.30	84.79	52.00	-55.41	9.82	9.64	9.85	0.37	4.62	18.94	6.01	391.10	-0.97	0.412	0.0	0.00	3.009	28.898	31.632	114.80	12.48	-38.583	-1.7104
EQU	0	16/12/11	22:46:33	22:46:35	-61.4509	-0.0286	-1.05	NaN	12761197.00	412.93	13503996.00	0.14	25.71	964.04	963.54	-0.28	3.27	84.47	52.00	-55.41	9.83	9.64	9.85	0.37	4.50	18.94	6.01	391.25	-0.97	0.412	0.0	0.00	2.998	28.919	31.668	115.00	12.50	-38.583	-1.7315
EQU	0	16/12/11	22:48:03	22:48:05	-61.4540	-0.0297	-1.08	NaN	12759187.00	413.07	13511373.00	0.14	25.70	963.92	963.43	-0.27	3.27	84.00	52.00	-55.40	9.83	9.64	9.85	0.37	4.62	18.87	6.01	393.04	-0.99	0.408	0.0	0.00	3.003	28.875	31.609	115.00	12.51	-38.583	-1.7175
EQU	0	16/12/11	22:49:33	22:49:35	-61.4572	-0.0309	-1.06	NaN	12758908.00	412.87	13508398.00	0.14	25.69	963.82	963.33	-0.28	3.28	82.84	52.00	-55.41	9.82	9.64	9.85	0.37	5.00	18.87	6.01	391.90	-0.97	0.415	0.0	0.00	2.965	28.874	31.646	115.10	12.53	-38.583	-1.7045
EQU	128	16/12/11	22:51:03	22:51:05	-61.4605	-0.0319	-1.05	NaN	12759163.00	413.20	13510055.00	0.14	25.69	963.91	963.53	-0.28	3.29	84.85	52.00	-55.41	9.83	9.64	9.85	0.37	4.75	18.87	6.01	392.36	-0.97	0.418	0.0	0.00	0.000	0.000	0.000	0.00	0.00	0.000	-1.7027
EQU	0	16/12/11	22:52:33	22:52:35	-61.4638	-0.0331	-1.04	NaN	12760507.00	413.33	13506695.00	0.14	25.68	963.81	963.30	-0.25	3.29	83.89	52.00	-55.42	9.83	9.64	9.85	0.37	4.56	18.87	6.01	391.85	-0.96	0.419	0.0	0.00	2.978	28.832	31.582	115.00	12.51	-38.583	-1.6897
EQU	0	16/12/11	22:54:03	22:54:05	-61.4670	-0.0345	-1.03	NaN	12759446.00	413.56	13511735.00	0.14	25.67	963.80	963.29	-0.28	3.29	83.73	52.00	-55.41	9.82	9.64	9.85	0.37	4.50	18.94	6.01	391.27	-0.95	0.418	0.0	0.00	2.977	28.901	31.667	114.80	12.49	-38.583	-1.7592
EQU	0	16/12/11	22:55:33	22:55:35	-61.4700	-0.0337	-1.07	NaN	12760769.00	413.36	13501502.00	0.14	25.68	963.83	963.42	-0.27	3.27	84.85	52.00	-55.41	9.83	9.64	9.85	0.37	4.75	18.87	6.01	399.00	-0.99	0.443	0.0	0.00	2.968	28.860	31.626	114.70	12.48	-38.583	-1.7189
EQU	0	16/12/11	22:57:03	22:57:05	-61.4729	-0.0336	-1.07	NaN	12761088.00	413.13	13505947.00	0.14	25.67	963.81	963.21	-0.25	3.21	84.79	52.00	-55.39	9.83	9.64	9.85	0.37	4.94	18.87	6.01	395.10	-0.98	0.525	0.0	0.00	2.970	28.874	31.641	114.60	12.47	-38.583	-1.7705
EQU	0	16/12/11	22:58:33	22:58:35	-61.4758	-0.0331	-1.12	NaN	12761569.00	411.17	13510300.00	0.14	25.66	963.77	963.33	-0.25	3.27	84.47	52.00	-55.39	9.83	9.64	9.85	0.37	3.50	18.81	6.01	410.98	-1.02	0.413	0.0	0.00	3.025	28.844	31.549	114.20	12.42	-38.583	-1.7342
EQU	0	16/12/11	23:00:03	23:00:05	-61.4785	-0.0339	-1.09	NaN	12762943.00	412.03	13510132.00	0.14	25.64	963.79	963.32	-0.25	3.26	83.73	52.00	-55.39	9.83	9.64	9.85	0.37	3.69	18.87	6.01	400.14	-1.00	0.440	0.0	0.00	3.017	28.844	31.559	113.90	12.38	-38.583	-1.6997
EQU	128	16/12/11	23:01:33	23:01:35	-61.4808	-0.0350	-1.06	NaN	12758678.00	413.02	13510886.00	0.14	25.64	963.80	963.26	-0.31	3.27	74.16	52.00	-55.41	9.83	9.64	9.85	0.37	4.75	18.81	6.11	396.13	-0.98	0.442	0.0	0.00	3.071	28.845	31.507	113.70	12.35	-38.583	-1.7054
EQU	0	16/12/11	23:03:04	23:03:06	-61.4831	-0.0365	-1.07	NaN	12759574.00	413.43	13507332.00	0.14	25.63	963.70	963.17	-0.30	3.27	84.05	52.00	-55.40	9.83	9.64	9.85	0.37	4.75	18.87	6.11	394.58	-0.98	0.453	0.0	0.00	3.078	28.813	31.460	113.50	12.33	-38.583	-1.6893
EQU-DRAIN	0	16/12/11	23:04:33	23:04:35	-61.4853	-0.0385	-1.05	NaN	12759270.00	413.52	13507424.00	0.14	25.62	963.79	963.13	-0.28	3.27	83.26	52.00	-55.44	9.83	9.64	9.85	0.37	4.56	18.81	6.01	392.83	-0.96	0.443	0.0	0.00	3.096	28.809	31.438	113.30	12.31	-38.583	-1.7286
EQU	0	16/12/11	23:06:25	23:06:27	-61.4872	-0.0424	-1.07	NaN	12757200.00	414.44	13509580.00	0.14	25.61	963.65	963.00	-0.31	3.27	84.95	52.00	-55.46	9.83	9.64	9.85	0.37	4.50	18.87	6.11	394.96	-0.98	0.442	0.0	0.00	3.104	28.785	31.403	113.20	12.29	-38.583	-1.7414
EQU	0	16/12/11	23:07:53	23:07:55	-61.4884	-0.0463	-1.07	NaN	12752482.00	417.77	13510565.00	0.14	25.60	963.69	963.08	-0.32	3.24	83.89	52.00	-55.45	9.83	9.64	9.85	0.37	4.56	18.81	6.11	393.13	-0.99	0.501	0.0	0.00	3.088	28.821	31.461	113.10	12.29	-38.583	-1.8261
EQU	0	16/12/11	23:09:23	23:09:25	-61.4894	-0.0506	-1.14	NaN	12748300.00	418.65	13516001.00	0.14	25.59	963.58	962.92	-0.31	3.20	72.99	52.00	-55.41	9.83	9.64	9.85	0.37	4.81	18.81	6.01	418.59	-1.03	0.459	0.0	0.00	3.114	28.826	31.442	113.00	12.27	-38.583	-1.8369
EQU	0	16/12/11	23:10:53	23:10:55	-61.4912	-0.0546	-1.14	NaN	12753112.00	415.97	13510653.00	0.14	25.59	963.49	962.77	-0.26	3.21	84.95	52.00	-55.41	9.83	9.64	9.85	0.37	4.81	18.75	6.11	429.24	-1.06	0.434	0.0	0.00	3.155	28.845	31.424	112.90	12.25	-38.583	-1.8353
EQU	0	16/12/11	23:12:23	23:12:25	-61.4930	-0.0589	-1.13	NaN	12753887.00	417.11	13510810.00	0.14	25.58	963.58	962.59	-0.37	3.19	83.00	52.00	-55.42	9.83	9.64	9.85	0.37	4.62	18.75	6.01	440.67	-1.05	0.605	0.0	0.00	3.092	28.832	31.470	113.00	12.27	-38.583	-1.8333
EQU	0	16/12/11	23:13:53	23:13:55	-61.4944	-0.0624	-1.14	NaN	12755289.00	416.64	13506406.00	0.14	25.57	963.53	962.84	-0.41	1.88	85.06	52.00	-55.42	9.83	9.64	9.85	0.37	4.50	18.69	6.11	414.70	-0.45	0.396	0.0	0.00	3.173	28.954	31.538	112.90	12.23	-38.583	-1.8327
EQU	128	16/12/11	23:15:23	23:15:25	-61.4960	-0.0665	-1.05	NaN	12732161.00	432.11	13509880.00	0.13	25.56	963.54	962.87	-0.39	3.24	84.95	52.00	-55.42	9.83	9.64	9.85	0.37	4.56	18.75	6.01	419.39	-0.97	0.470	0.0	0.00	0.000	0.000	0.000	0.00	0.00	0.000	47.0000
EQU	0	16/12/11	23:16:53	23:16:55	-61.4979	-0.0714	-1.16	NaN	12751127.00	420.00	13507150.00	0.14	25.56	963.36	962.69	-0.36	3.28	85.43	52.00	-55.44	9.83	9.64	9.85	0.37	5.00	18.62	6.01	409.08	-1.06	0.420	0.0	0.00	3.150	28.568	31.096	113.40	12.33	-38.583	-1.8187
EQU	0	16/12/11	23:18:23	23:18:25	-61.5010	-0.0738	-1.16	NaN	12754541.00	416.81	13505412.00	0.13	25.54	963.52	962.87	-0.42	3.31	84.47	52.00	-55.46	9.83	9.64	9.85	0.37	4.75	18.62	6.01	401.45	-1.08	0.414	0.0	0.00	3.005	28.394	31.027	113.80	12.43	-38.583	-1.7820
EQU	0	16/12/11	23:19:53	23:19:55	-61.5043	-0.0756	-1.14	NaN	12754742.00	416.70	13508168.00	0.14	25.53	963.51	962.61	-0.34	3.32	84.21	52.00	-55.42	9.83	9.64	9.85	0.37	4.56	18.62	6.01	397.17	-1.05	0.410	0.0	0.00	2.783	28.318	31.150	114.30	12.54	-38.583	-1.7562
EQU	128	16/12/11	23:21:23	23:21:25	-61.5073	-0.0780	-1.11	NaN	12753975.00	417.04	13507173.00	0.14	25.52	963.29	962.74	-0.32	3.30	91.22	52.00	-55.43	9.83	9.64	9.85	0.37	4.50	18.62	6.11	394.67	-1.03	0.512	0.0	0.00	0.000	0.000	0.000	0.00	0.00	0.000	-1.8499
EQU	0	16/12/11	23:22:53	23:22:55	-61.5104	-0.0791	-1.15	NaN	12754942.00	416.55	13508673.00	0.14	25.50	963.54	962.93	-0.39	3.28	84.47	52.00	-55.42	9.83	9.64	9.85	0.37	4.81	18.62	6.11	434.42	-1.08	0.568	0.0	0.00	2.545	28.426	31.515	114.30	12.59	-38.583	-1.8477
EQU	0	16/12/11	23:24:23	23:24:25	-61.5134	-0.0770	-1.18	NaN	12756475.00	414.32	13514237.00	0.14	25.50	963.25	962.49	-0.35	3.29	84.47	52.00	-55.44	9.83	9.64	9.85	0.37	4.81	18.62	6.01	418.68	-1.09	0.450	0.0	0.00	2.450	28.372	31.542	114.10	12.59	-38.583	-1.8237
EQU	0	16/12/11	23:25:53	23:25:55	-61.5164	-0.0753	-1.17	NaN	12758906.00	414.94	13509244.00	0.14	25.49	963.45	962.99	-0.37	3.30	84.42	52.00	-55.42	9.83	9.64	9.85	0.37	4.56	18.62	6.01	409.95	-1.08	0.494	0.0	0.00	2.441	28.324	31.493	113.50	12.54	-38.583	-1.8342
EQU	0	16/12/11	23:27:23	23:27:25	-61.5190	-0.0734	-1.17	NaN	12754939.00	415.00	13504455.00	0.14	25.49	963.32	962.65	-0.34	3.30	84.37	52.00	-55.42	9.83	9.64	9.85	0.37	4.56	18.69	6.01	410.35	-1.09	0.472	0.0	0.00	2.362	28.189	31.404	113.60	12.57	-38.583	-1.8140
EQU	0	16/12/11	23:28:53	23:28:55	-61.5215	-0.0749	-1.17	NaN	12756098.00	414.48	13508179.00	0.14	25.48	963.28	962.56	-0.32	3.29	84.42	52.00	-55.43	9.83	9.64	9.85	0.37	4.62	18.69	6.01	403.46	-1.07	0.420	0.0	0.00	2.288	28.160	31.442	113.60	12.60	-38.583	-1.7966
EQU	0	16/12/11	23:30:23	23:30:25	-61.5237	-0.0767	-1.15	NaN	12754493.00	415.49	13505953.00	0.14	25.47	963.15	962.49	-0.40	0.06	82.73	52.00	-55.52	9.83	9.64	9.85	0.37	5.00	18.62	6.11	393.45	-0.77	0.512	0.0	0.00	2.393	28.423	31.661	113.30	12.51	-38.583	-1.5861
EQU	128	16/12/11	23:31:53	23:31:55	-61.5260	-0.0780	-0.91	NaN	12694949.00	458.85	13505845.00	0.14	25.46	963.28	962.57	-0.19	0.05	84.42	52.00	-55.52	9.83	9.64	9.85	0.37	4.75	18.62	6.01	384.66	-0.26	0.480	0.0	0.00	2.679	28.670	31.679	113.10	12.39	-38.583	-1.3076
EQU	0	16/12/11	23:33:23	23:33:25	-61.5288	-0.0787	-0.85	NaN	12679972.00	468.34	13504601.00	0.14	25.44	963.21	962.65	-0.19	0.05	100.61	52.00	-55.51	9.83	9.64	9.85	0.37	4.56	18.62	6.11	379.39	0.16	0.449	0.0	0.00	2.895	28.888	31.731	113.30	12.34	-38.583	-1.4141
EQU-DRAIN	0	16/12/11	23:34:53	23:34:55	-61.5318	-0.0793	-0.79	NaN	12666348.00	479.08	13509267.00	0.14	25.43	963.30	962.77	-0.19	0.05	88.02	52.00	-55.40	9.83	9.64	9.85	0.37	4.50	18.62	6.11	376.13	0.52	0.441	0.0	0.00	3.082	29.087	31.788	113.70	12.33	-38.583	-1.7064
EQU	0	16/12/11	23:36:45	23:36:47	-61.5354	-0.0797	-0.66	NaN	12662614.00	482.14	13504443.00	0.14	25.42	963.23	962.59	-0.19	0.05	84.58	52.00	-55.40	9.83	9.64	9.85	0.37	4.56	18.62	6.11	374.36	0.89	0.469	0.0	0.00	3.297	29.368	31.913	114.00	12.29	-38.583	-1.7117
EQU	0	16/12/11	23:38:13	23:38:15	-61.5382	-0.0795	-0.52	NaN	12661833.00	482.63	13498512.00	0.14	25.42	963.27	962.71	-0.19	0.05	84.42	52.00	-55.39	9.83	9.64	9.85	0.37	4.94	18.62	6.11	372.59	1.20	0.464	0.0	0.00	3.473	29.567	31.978	114.30	12.26	-38.583	-1.4117
EQU	0	16/12/11	23:39:43	23:39:45	-61.5411	-0.0791	-0.38	NaN	12661688.00	482.71	13508972.00	0.14	25.41	963.12	962.43	-0.21	0.05	84.69	52.00	-55.41	9.83	9.64	9.85	0.37	4.75	18.62	6.11	371.12	1.50	0.474	0.0	0.00	3.649	29.607	31.852	114.60	12.24	-38.583	-1.4139
EQU	128	16/12/11	23:41:13	23:41:15	-61.5442	-0.0811	-0.20	NaN	12660695.00	482.95	13513679.00	0.14	25.40	963.09	962.58	-0.20	0.05	84.53	52.00	-55.40	9.83	9.64	9.85	0.37	4.62	18.62	6.11	368.74	1.72	0.464	0.0	0.00	3.839	29.931	32.051	114.70	12.18	-38.583	-1.4819
EQU	0	16/12/11	23:42:43	23:42:45	-61.5478	-0.0809	-0.06	NaN	12669231.00	475.67	13511704.00	0.14	25.39	963.29	962.62	-0.37	0.05	84.69	52.00	-55.39	9.83	9.64	9.85	0.37	4.56	18.62	6.11	368.29	2.02	0.472	0.0	0.00	4.021	30.027	31.985	114.80	12.14	-38.583	-0.7403
EQU	0	16/12/11	23:44:13	23:44:15	-61.5517	-0.0798	0.11	NaN	12660486.00	481.68	13506372.00	0.14	25.37	963.22	962.51	-0.18	0.05	84.37	52.00	-55.39	9.83	9.64	9.85	0.37	4.62	18.69	6.11	367.92	2.25	0.458	0.0	0.00	4.196	30.214	32.036	114.90	12.10	-38.583	-0.5849
EQU	0	16/12/11	23:45:43	23:45:45	-61.5555	-0.0798	0.29	NaN	12656490.00	483.48	13514037.00	0.14	25.37	963.08	962.47	-0.19	0.05	84.47	52.00	-55.40	9.83	9.64	9.85	0.37	5.00	18.62	6.11	367.01	2.43	0.446	0.0	0.00	4.370	30.235	31.891	115.10	12.08	-38.583	-0.4872
EQU	0	16/12/11	23:47:13	23:47:15	-61.5591	-0.0813	0.79	NaN	12667421.00	476.62	13507967.00	0.14	25.36	963.19	962.45	0.03	3.31	84.58	52.00	-55.39	9.82	9.64	9.85	0.37	4.69	18.62	6.11	404.86	0.19	0.464	0.0	0.00	4.536	32.624	34.517	115.30	11.84	-38.583	-1.8289
EQU	0	16/12/11	23:48:43	23:48:45	-61.5627	-0.0829	-0.96	NaN	12715833.00	443.24	13508661.00	0.14	25.36	962.86	962.28	-0.27	3.37	99.19	52.00	-55.40	9.83	9.64	9.85	0.37	4.56	18.62	6.11	410.28	-0.80	0.367	0.0	0.00	4.773	30.668	32.003	115.60	12.00	-38.583	-1.8336
EQU	0	16/12/11	23:50:14	23:50:16	-61.5662	-0.0832	-1.08	NaN	12749125.00	418.88	13507715.00	0.14	25.36	963.18	962.52	-0.31	3.40	84.42	52.00	-55.42	9.83	9.64	9.85	0.37	4.50	18.62	6.21	402.05	-0.96	0.382	0.0	0.00	4.897	29.662	30.730	115.40	12.05	-38.583	-1.7808
EQU	128	16/12/11	23:51:43	23:51:45	-61.5696	-0.0826	-1.08	NaN	12754316.00	414.84	13510829.00	0.14	25.35	963.09	962.62	-0.27	3.42	85.49	52.00	-55.44	9.83	9.64	9.85	0.37	4.75	18.56	6.11	398.92	-0.97	0.378	0.0	0.00	4.724	29.077	30.218	115.70	12.17	-38.583	-1.7353
EQU	0	16/12/11	23:53:13	23:53:15	-61.5730	-0.0818	-1.06	NaN	12759739.00	414.16	13506964.00	0.14	25.33	963.07	962.51	-0.30	3.43	78.40	52.00	-55.44	9.82	9.64	9.85	0.37	4.94	18.56	6.21	396.02	-0.96	0.372	0.0	0.00	4.377	28.832	30.253	116.40	12.35	-38.583	-1.7024
EQU	0	16/12/11	23:54:43	23:54:45	-61.5764	-0.0810	-1.04	NaN	12759154.00	414.59	13503037.00	0.14	25.33	963.04	962.58	-0.31	3.44	62.85	52.00	-55.46	9.82	9.64	9.85	0.41	3.44	18.56	6.21	393.41	-0.96	0.364	0.0	0.00	3.913	28.721	30.554	117.40	12.57	-38.583	-1.6623
EQU	0	16/12/11	23:56:13	23:56:15	-61.5799	-0.0802	-1.01	NaN	12757899.00	415.00	13511958.00	0.14	25.32	962.92	962.21	-0.16	3.46	84.90	52.00	-55.43	9.82	9.64	9.85	0.37	3.62	18.62	6.21	391.93	-0.92	0.365	0.0	0.00	3.495	28.661	30.877	118.00	12.74	-38.583	0.0000
EQU	128	16/12/11	23:57:45	23:57:47	-61.5835	-0.0793	-1.00	NaN	12756009.00	415.80	13507046.00	0.14	25.31	962.92	962.49	-0.31	3.45	84.16	52.00	-55.43	9.83	9.64	9.85	0.37	4.81	18.75	6.21	391.34	-0.89	0.371	0.0	0.00	3.245	28.749	31.222	117.90	12.77	-38.583	-1.6668
EQU	0	16/12/11	23:59:13	23:59:15	-61.5868	-0.0784	-1.01	NaN	12753474.00	416.73	13507985.00	0.15	25.32	962.83	962.39	-0.36	3.43	84.10	52.00	-55.42	9.83	9.64	9.85	0.37	4.69	18.87	6.21	391.02	-0.90	0.373	0.0	0.00	3.087	28.746	31.371	117.50	12.78	-38.583	-1.6950
EQU	0	17/12/11	00:00:43	00:00:45	-61.5903	-0.0775	-1.03	NaN	12752621.00	416.98	13506696.00	0.15	25.32	962.85	962.26	-0.27	3.43	85.27	52.00	-55.42	9.83	9.64	9.85	0.37	4.50	18.81	6.21	0.00	0.00	0.376	0.0	0.00	2.983	28.807	31.546	117.10	12.75	-38.583	-1.7231
